chromosome,start,end,width,type,1000genomes_AF,1000genomes_ID,Callers,NumCallers,cosmic,dbsnp,repeat_masker,dbsnp_somatic,VAF,n_vaf,t_alt_count,t_ref_count,n_alt_count,n_ref_count,model_score,Variant_Classification,signature_R1,signature_R2,signature_N3,snv_near_indel,total_cn,major_cn,minor_cn,karyotype,sample,gene
1,69659633,69659635,3,indel,NA,NA,"broad,dkfz,smufin",3,COSN19313059,NA,NA,FALSE,0.125,NA,5,35,NA,NA,0.773,IGR,NA,NA,NA,NA,2,1,1,1_1,d88296ac-bb0d-47ab-9051-6c358f0af780,NA
1,79945834,79945838,5,indel,NA,NA,"dkfz,sanger,smufin",3,COSN19313065,NA,NA,FALSE,0.3415,NA,14,27,NA,NA,0.969,IGR,NA,NA,NA,NA,2,1,1,1_1,d88296ac-bb0d-47ab-9051-6c358f0af780,NA
10,38103229,38103232,4,indel,NA,NA,"broad,dkfz,sanger,smufin",4,COSN19314304,NA,L1M4c,FALSE,0.15,NA,6,34,NA,NA,0.985,IGR,NA,NA,NA,NA,2,1,1,1_1,d88296ac-bb0d-47ab-9051-6c358f0af780,TLK2P2
10,129450756,129450757,2,indel,NA,NA,"broad,dkfz,sanger,smufin",4,COSN19314337,NA,THE1B,FALSE,0.3939,NA,13,20,NA,NA,0.998,IGR,NA,NA,NA,NA,2,1,1,1_1,d88296ac-bb0d-47ab-9051-6c358f0af780,NA
10,130302206,130302207,2,indel,NA,NA,"dkfz,sanger,smufin",3,COSN19314295,NA,MLT1C,FALSE,0.2286,NA,8,27,NA,NA,0.919,IGR,NA,NA,NA,NA,2,1,1,1_1,d88296ac-bb0d-47ab-9051-6c358f0af780,NA
11,120934594,120934597,4,indel,NA,NA,"broad,dkfz,sanger,smufin",4,COSN19312675,NA,ERVL-E-int,FALSE,0.4286,NA,12,16,NA,NA,0.998,Intron,NA,NA,NA,NA,2,1,1,1_1,d88296ac-bb0d-47ab-9051-6c358f0af780,NA
11,133081780,133081783,4,indel,NA,NA,"broad,dkfz,sanger",3,COSN19312678,NA,NA,FALSE,0.1892,NA,7,30,NA,NA,0.99,Intron,NA,NA,NA,NA,2,1,1,1_1,d88296ac-bb0d-47ab-9051-6c358f0af780,NA
13,109466588,109466589,2,indel,NA,NA,"broad,dkfz,sanger,smufin",4,COSN19313328,NA,NA,FALSE,0.5714,NA,20,15,NA,NA,0.999,Intron,NA,NA,NA,NA,2,1,1,1_1,d88296ac-bb0d-47ab-9051-6c358f0af780,NA
15,96936787,96936788,2,indel,NA,NA,"broad,dkfz,sanger,smufin",4,COSN19313944,NA,NA,FALSE,0.5143,NA,18,17,NA,NA,0.999,lincRNA,NA,NA,NA,NA,2,1,1,1_1,d88296ac-bb0d-47ab-9051-6c358f0af780,AC087477.6
16,34272931,34272932,2,indel,NA,NA,"dkfz,sanger",2,COSN19456667,NA,AluSg7,FALSE,0.2353,NA,8,26,NA,NA,0.899,IGR,NA,NA,NA,NA,2,1,1,1_1,d88296ac-bb0d-47ab-9051-6c358f0af780,CCNYL3
21,20432055,20432056,2,indel,NA,NA,"broad,dkfz,sanger,smufin",4,COSN19312711,NA,MLT1N2,FALSE,0.2083,NA,10,38,NA,NA,0.993,IGR,NA,NA,NA,NA,2,1,1,1_1,d88296ac-bb0d-47ab-9051-6c358f0af780,NA
4,63376402,63376403,2,indel,NA,NA,"broad,dkfz,smufin",3,COSN19314111,NA,NA,FALSE,0.3056,NA,11,25,NA,NA,0.911,IGR,NA,NA,NA,NA,2,1,1,1_1,d88296ac-bb0d-47ab-9051-6c358f0af780,NA
5,1177474,1177476,3,indel,NA,NA,"broad,dkfz,sanger,smufin",4,COSN19314447,NA,ERVL-E-int,FALSE,0.3043,NA,7,16,NA,NA,0.994,RNA,NA,NA,NA,NA,2,1,1,1_1,d88296ac-bb0d-47ab-9051-6c358f0af780,NA
5,158219272,158219276,5,indel,NA,NA,"broad,dkfz,smufin",3,COSN19314389,NA,NA,FALSE,0.2,NA,7,28,NA,NA,0.86,Intron,NA,NA,NA,NA,2,1,1,1_1,d88296ac-bb0d-47ab-9051-6c358f0af780,NA
6,129328092,129328093,2,indel,NA,NA,"broad,dkfz,sanger,smufin",4,COSN19313433,NA,NA,FALSE,0.2692,NA,7,19,NA,NA,0.993,Intron,NA,NA,NA,NA,2,1,1,1_1,d88296ac-bb0d-47ab-9051-6c358f0af780,NA
7,15523510,15523514,5,indel,NA,NA,"broad,dkfz,smufin",3,COSN19312720,NA,L1M5,FALSE,0.16,NA,8,42,NA,NA,0.829,Intron,NA,NA,NA,NA,2,1,1,1_1,d88296ac-bb0d-47ab-9051-6c358f0af780,NA
7,153017488,153017491,4,indel,NA,NA,"broad,dkfz,sanger,smufin",4,COSN19312746,NA,NA,FALSE,0.4722,NA,17,19,NA,NA,0.999,IGR,NA,NA,NA,NA,2,1,1,1_1,d88296ac-bb0d-47ab-9051-6c358f0af780,NA
9,31916347,31916348,2,indel,NA,NA,"broad,dkfz,sanger,smufin",4,COSN19313723,NA,NA,FALSE,0.4516,NA,14,17,NA,NA,0.998,IGR,NA,NA,NA,NA,2,1,1,1_1,d88296ac-bb0d-47ab-9051-6c358f0af780,NA
9,119756033,119756037,5,indel,NA,NA,"broad,dkfz,sanger",3,COSN19313701,NA,(TA)n,FALSE,0.2857,NA,6,15,NA,NA,0.994,Intron,NA,NA,NA,NA,2,1,1,1_1,d88296ac-bb0d-47ab-9051-6c358f0af780,NA
X,55269877,55269880,4,indel,NA,NA,"dkfz,sanger,smufin",3,COSN19313516,NA,L1PA4,FALSE,0.6842,NA,13,6,NA,NA,0.996,IGR,NA,NA,NA,NA,1,1,0,1_0,d88296ac-bb0d-47ab-9051-6c358f0af780,NA
1,8497077,8497077,1,snv_mnv,NA,NA,"broad,dkfz,muse,sanger",4,COSN19313064,NA,NA,FALSE,0.5172,NA,15,14,NA,NA,NA,Intron,FALSE,FALSE,FALSE,FALSE,2,1,1,1_1,d88296ac-bb0d-47ab-9051-6c358f0af780,AL096855.1
1,15957825,15957825,1,snv_mnv,NA,NA,"broad,dkfz,muse,sanger",4,COSN19313120,NA,AluJo,FALSE,0.2581,NA,8,23,NA,NA,NA,Intron,FALSE,FALSE,FALSE,FALSE,2,1,1,1_1,d88296ac-bb0d-47ab-9051-6c358f0af780,DDI2
1,18181411,18181411,1,snv_mnv,NA,NA,"broad,dkfz,muse,sanger",4,COSN19313112,NA,AluSx1,FALSE,0.4839,NA,15,16,NA,NA,NA,IGR,FALSE,FALSE,FALSE,FALSE,2,1,1,1_1,d88296ac-bb0d-47ab-9051-6c358f0af780,NA
1,20544928,20544928,1,snv_mnv,NA,NA,"broad,dkfz,muse,sanger",4,COSN19313057,NA,NA,FALSE,0.1613,NA,5,26,NA,NA,NA,IGR,FALSE,FALSE,FALSE,FALSE,2,1,1,1_1,d88296ac-bb0d-47ab-9051-6c358f0af780,NA
1,37473981,37473981,1,snv_mnv,NA,NA,"broad,dkfz,muse,sanger",4,COSN19313085,NA,MIRb,FALSE,0.4412,NA,15,19,NA,NA,NA,Intron,FALSE,FALSE,FALSE,FALSE,2,1,1,1_1,d88296ac-bb0d-47ab-9051-6c358f0af780,NA
1,38978387,38978387,1,snv_mnv,NA,NA,"broad,dkfz,muse,sanger",4,COSN19313070,NA,NA,FALSE,0.5333,NA,24,21,NA,NA,NA,IGR,FALSE,FALSE,FALSE,FALSE,2,1,1,1_1,d88296ac-bb0d-47ab-9051-6c358f0af780,NA
1,42080635,42080635,1,snv_mnv,NA,NA,"broad,dkfz,muse,sanger",4,COSN19313087,NA,NA,FALSE,0.2333,NA,7,23,NA,NA,NA,Intron,FALSE,FALSE,FALSE,FALSE,2,1,1,1_1,d88296ac-bb0d-47ab-9051-6c358f0af780,NA
1,43169873,43169873,1,snv_mnv,NA,NA,"broad,dkfz,muse,sanger",4,COSN19313071,NA,NA,FALSE,0.4062,NA,13,19,NA,NA,NA,IGR,FALSE,FALSE,FALSE,FALSE,2,1,1,1_1,d88296ac-bb0d-47ab-9051-6c358f0af780,YBX1
1,43595350,43595350,1,snv_mnv,NA,NA,"broad,dkfz,muse,sanger",4,COSN19313122,NA,NA,FALSE,0.3529,NA,12,22,NA,NA,NA,IGR,FALSE,FALSE,FALSE,FALSE,2,1,1,1_1,d88296ac-bb0d-47ab-9051-6c358f0af780,NA
1,48448721,48448721,1,snv_mnv,NA,NA,"broad,muse,sanger",3,COSN19313066,NA,L1PREC2,FALSE,0.1667,NA,5,25,NA,NA,NA,Intron,FALSE,FALSE,FALSE,FALSE,2,1,1,1_1,d88296ac-bb0d-47ab-9051-6c358f0af780,NA
1,48716514,48716514,1,snv_mnv,NA,NA,"broad,dkfz,muse,sanger",4,COSN19313134,NA,MER61A,FALSE,0.3333,NA,6,12,NA,NA,NA,IGR,FALSE,FALSE,FALSE,FALSE,2,1,1,1_1,d88296ac-bb0d-47ab-9051-6c358f0af780,SLC5A9
1,48813178,48813178,1,snv_mnv,NA,NA,"broad,dkfz,muse",3,COSN19313098,NA,(TA)n,FALSE,0.3448,NA,10,19,NA,NA,NA,Intron,FALSE,FALSE,FALSE,FALSE,2,1,1,1_1,d88296ac-bb0d-47ab-9051-6c358f0af780,RNU6-723P
1,54764463,54764463,1,snv_mnv,NA,NA,"broad,dkfz,muse,sanger",4,COSN19313045,NA,NA,FALSE,0.25,NA,7,21,NA,NA,NA,Intron,FALSE,FALSE,FALSE,FALSE,2,1,1,1_1,d88296ac-bb0d-47ab-9051-6c358f0af780,NA
1,57229117,57229117,1,snv_mnv,NA,NA,"broad,dkfz,muse,sanger",4,COSN19313100,NA,L1MDa,FALSE,0.1944,NA,7,29,NA,NA,NA,Intron,FALSE,FALSE,FALSE,FALSE,2,1,1,1_1,d88296ac-bb0d-47ab-9051-6c358f0af780,FYB2
1,61694533,61694533,1,snv_mnv,NA,NA,"broad,dkfz,muse,sanger",4,COSN19313077,NA,NA,FALSE,0.4359,NA,17,22,NA,NA,NA,Intron,FALSE,FALSE,FALSE,FALSE,2,1,1,1_1,d88296ac-bb0d-47ab-9051-6c358f0af780,NA
1,61897017,61897017,1,snv_mnv,NA,NA,"broad,dkfz,muse,sanger",4,COSN19313102,NA,NA,FALSE,0.5429,NA,19,16,NA,NA,NA,Intron,FALSE,FALSE,FALSE,FALSE,2,1,1,1_1,d88296ac-bb0d-47ab-9051-6c358f0af780,NA
1,62651476,62651476,1,snv_mnv,NA,NA,"broad,dkfz,muse,sanger",4,COSN19313132,NA,AluSz6,FALSE,0.2381,NA,10,32,NA,NA,NA,IGR,FALSE,FALSE,FALSE,FALSE,2,1,1,1_1,d88296ac-bb0d-47ab-9051-6c358f0af780,"RPS15AP7,PIGPP2"
1,64284943,64284943,1,snv_mnv,NA,NA,"broad,dkfz,muse,sanger",4,COSN19313096,NA,NA,FALSE,0.1538,NA,4,22,NA,NA,NA,Intron,FALSE,FALSE,FALSE,FALSE,2,1,1,1_1,d88296ac-bb0d-47ab-9051-6c358f0af780,NA
1,65626424,65626424,1,snv_mnv,NA,NA,"broad,muse,sanger",3,COSN19313081,NA,AluJr,FALSE,0.1471,NA,5,29,NA,NA,NA,Intron,FALSE,FALSE,FALSE,FALSE,2,1,1,1_1,d88296ac-bb0d-47ab-9051-6c358f0af780,NA
1,69939279,69939279,1,snv_mnv,NA,NA,"broad,muse,sanger",3,COSN19313099,NA,L1ME3A,FALSE,0.125,NA,4,28,NA,NA,NA,IGR,FALSE,FALSE,FALSE,FALSE,2,1,1,1_1,d88296ac-bb0d-47ab-9051-6c358f0af780,NA
1,71426435,71426435,1,snv_mnv,NA,NA,"broad,dkfz,muse,sanger",4,COSN19313046,NA,NA,FALSE,0.4167,NA,10,14,NA,NA,NA,Intron,FALSE,FALSE,FALSE,FALSE,2,1,1,1_1,d88296ac-bb0d-47ab-9051-6c358f0af780,NA
1,71997079,71997079,1,snv_mnv,NA,NA,"broad,dkfz,muse,sanger",4,COSN19313091,NA,NA,FALSE,0.3191,NA,15,32,NA,NA,NA,Intron,FALSE,FALSE,FALSE,FALSE,2,1,1,1_1,d88296ac-bb0d-47ab-9051-6c358f0af780,NA
1,73748820,73748820,1,snv_mnv,NA,NA,"broad,dkfz,muse,sanger",4,COSN19313072,NA,L1MC1,FALSE,0.375,NA,12,20,NA,NA,NA,IGR,FALSE,FALSE,FALSE,FALSE,2,1,1,1_1,d88296ac-bb0d-47ab-9051-6c358f0af780,NA
1,75786194,75786194,1,snv_mnv,NA,NA,"broad,dkfz,muse,sanger",4,COSN19313124,NA,NA,FALSE,0.1622,NA,6,31,NA,NA,NA,Intron,FALSE,FALSE,FALSE,FALSE,2,1,1,1_1,d88296ac-bb0d-47ab-9051-6c358f0af780,NA
1,76869158,76869158,1,snv_mnv,NA,NA,"dkfz,muse,sanger",3,COSN19313074,NA,NA,FALSE,0.1667,NA,6,30,NA,NA,NA,Intron,FALSE,FALSE,FALSE,FALSE,2,1,1,1_1,d88296ac-bb0d-47ab-9051-6c358f0af780,NA
1,79066651,79066651,1,snv_mnv,NA,NA,"broad,dkfz,muse,sanger",4,COSN19313117,NA,NA,FALSE,0.1429,NA,4,24,NA,NA,NA,IGR,FALSE,FALSE,FALSE,FALSE,2,1,1,1_1,d88296ac-bb0d-47ab-9051-6c358f0af780,NA
1,81046381,81046381,1,snv_mnv,NA,NA,"broad,dkfz,muse,sanger",4,COSN19313127,NA,NA,FALSE,0.1765,NA,6,28,NA,NA,NA,lincRNA,FALSE,FALSE,FALSE,FALSE,2,1,1,1_1,d88296ac-bb0d-47ab-9051-6c358f0af780,NA
1,81706513,81706513,1,snv_mnv,NA,NA,"broad,dkfz,muse,sanger",4,COSN19313107,NA,NA,FALSE,0.6,NA,21,14,NA,NA,NA,IGR,FALSE,FALSE,FALSE,FALSE,2,1,1,1_1,d88296ac-bb0d-47ab-9051-6c358f0af780,NA
1,82363927,82363927,1,snv_mnv,NA,NA,"broad,dkfz,muse,sanger",4,COSN19313090,NA,NA,FALSE,0.2955,NA,13,31,NA,NA,NA,Intron,FALSE,FALSE,FALSE,FALSE,2,1,1,1_1,d88296ac-bb0d-47ab-9051-6c358f0af780,NA
1,82798046,82798046,1,snv_mnv,NA,NA,"dkfz,sanger",2,COSN19313043,NA,NA,FALSE,0.5263,NA,20,18,NA,NA,NA,IGR,FALSE,FALSE,FALSE,FALSE,2,1,1,1_1,d88296ac-bb0d-47ab-9051-6c358f0af780,NA
1,82887377,82887377,1,snv_mnv,NA,NA,"broad,dkfz,muse,sanger",4,COSN19313116,NA,NA,FALSE,0.4062,NA,13,19,NA,NA,NA,IGR,FALSE,FALSE,FALSE,FALSE,2,1,1,1_1,d88296ac-bb0d-47ab-9051-6c358f0af780,NA
1,82988406,82988406,1,snv_mnv,1.9968e-4,rs543664295,"broad,dkfz,muse,sanger",4,COSN19313106,rs543664295,NA,FALSE,0.2222,NA,6,21,NA,NA,NA,IGR,FALSE,FALSE,FALSE,FALSE,2,1,1,1_1,d88296ac-bb0d-47ab-9051-6c358f0af780,NA
1,84841068,84841068,1,snv_mnv,NA,NA,"broad,dkfz,muse",3,COSN19313114,NA,(CAA)n,FALSE,0.2174,NA,10,36,NA,NA,NA,RNA,FALSE,FALSE,FALSE,FALSE,2,1,1,1_1,d88296ac-bb0d-47ab-9051-6c358f0af780,UOX
1,97641155,97641155,1,snv_mnv,NA,NA,"broad,dkfz,muse,sanger",4,COSN19313047,NA,NA,FALSE,0.4722,NA,17,19,NA,NA,NA,Intron,FALSE,FALSE,FALSE,FALSE,2,1,1,1_1,d88296ac-bb0d-47ab-9051-6c358f0af780,NA
1,99254991,99254991,1,snv_mnv,NA,NA,"broad,dkfz,muse,sanger",4,COSN19313093,NA,L1PA8A,FALSE,0.2308,NA,9,30,NA,NA,NA,IGR,FALSE,FALSE,FALSE,FALSE,2,1,1,1_1,d88296ac-bb0d-47ab-9051-6c358f0af780,NA
1,103299723,103299723,1,snv_mnv,NA,NA,"broad,dkfz,muse,sanger",4,COSN19313075,NA,HERVK3-int,FALSE,0.3214,NA,9,19,NA,NA,NA,lincRNA,FALSE,FALSE,FALSE,FALSE,2,1,1,1_1,d88296ac-bb0d-47ab-9051-6c358f0af780,NA
1,105459250,105459250,1,snv_mnv,NA,NA,"broad,dkfz,muse,sanger",4,COSN19313058,NA,L1PA7,FALSE,0.4444,NA,16,20,NA,NA,NA,IGR,FALSE,FALSE,FALSE,FALSE,2,1,1,1_1,d88296ac-bb0d-47ab-9051-6c358f0af780,NA
1,105623527,105623527,1,snv_mnv,NA,NA,"broad,dkfz,muse,sanger",4,COSN19313041,NA,L1PA16,FALSE,0.5926,NA,16,11,NA,NA,NA,IGR,FALSE,FALSE,FALSE,FALSE,2,1,1,1_1,d88296ac-bb0d-47ab-9051-6c358f0af780,NA
1,108400696,108400696,1,snv_mnv,NA,NA,"broad,dkfz,muse,sanger",4,COSN19313088,NA,NA,FALSE,0.225,NA,9,31,NA,NA,NA,Intron,FALSE,FALSE,FALSE,FALSE,2,1,1,1_1,d88296ac-bb0d-47ab-9051-6c358f0af780,NA
1,108536703,108536703,1,snv_mnv,NA,NA,"broad,dkfz,muse,sanger",4,COSN19313053,NA,LFSINE_Vert,FALSE,0.5833,NA,14,10,NA,NA,NA,RNA,FALSE,FALSE,FALSE,FALSE,2,1,1,1_1,d88296ac-bb0d-47ab-9051-6c358f0af780,NA
1,113008034,113008034,1,snv_mnv,NA,NA,"broad,muse,sanger",3,COSN19313105,NA,NA,FALSE,0.4,NA,4,6,NA,NA,NA,5'Flank,FALSE,FALSE,FALSE,FALSE,2,1,1,1_1,d88296ac-bb0d-47ab-9051-6c358f0af780,"WNT2B,CTTNBP2NL,MIR4256"
1,117551793,117551793,1,snv_mnv,NA,NA,"broad,dkfz,muse,sanger",4,COSN19313040,NA,NA,FALSE,0.3704,NA,10,17,NA,NA,NA,Intron,FALSE,FALSE,TRUE,FALSE,2,1,1,1_1,d88296ac-bb0d-47ab-9051-6c358f0af780,NA
1,119027353,119027353,1,snv_mnv,NA,NA,"broad,dkfz,muse,sanger",4,COSN19313133,NA,MIR,FALSE,0.1818,NA,8,36,NA,NA,NA,IGR,FALSE,FALSE,FALSE,FALSE,2,1,1,1_1,d88296ac-bb0d-47ab-9051-6c358f0af780,NA
1,152364819,152364819,1,snv_mnv,NA,NA,"dkfz,sanger",2,COSN19313111,NA,NA,FALSE,0.5263,NA,10,9,NA,NA,NA,RNA,FALSE,FALSE,FALSE,FALSE,2,1,1,1_1,d88296ac-bb0d-47ab-9051-6c358f0af780,NA
1,152638746,152638746,1,snv_mnv,NA,NA,"broad,muse,sanger",3,COSN19313130,NA,L1PA7,FALSE,0.1724,NA,5,24,NA,NA,NA,IGR,FALSE,FALSE,FALSE,FALSE,2,1,1,1_1,d88296ac-bb0d-47ab-9051-6c358f0af780,LCE2D
1,153723916,153723916,1,snv_mnv,NA,NA,"broad,dkfz,muse,sanger",4,COSN19313078,NA,NA,FALSE,0.1935,NA,6,25,NA,NA,NA,Intron,FALSE,FALSE,FALSE,FALSE,2,1,1,1_1,d88296ac-bb0d-47ab-9051-6c358f0af780,"INTS3,AL513523.4"
1,155310694,155310694,1,snv_mnv,NA,NA,"broad,muse,sanger",3,COSN19313118,NA,AluJr4,FALSE,0.1667,NA,5,25,NA,NA,NA,Intron,FALSE,FALSE,FALSE,FALSE,2,1,1,1_1,d88296ac-bb0d-47ab-9051-6c358f0af780,ASH1L
1,158574801,158574801,1,snv_mnv,NA,NA,"broad,dkfz,muse,sanger",4,COSN19313056,NA,MIRb,FALSE,0.3235,NA,11,23,NA,NA,NA,5'Flank,FALSE,FALSE,FALSE,TRUE,2,1,1,1_1,d88296ac-bb0d-47ab-9051-6c358f0af780,OR10Z1
1,169058225,169058225,1,snv_mnv,NA,NA,"broad,dkfz,muse,sanger",4,COSN19313113,NA,NA,FALSE,0.1739,NA,8,38,NA,NA,NA,RNA,FALSE,FALSE,FALSE,FALSE,2,1,1,1_1,d88296ac-bb0d-47ab-9051-6c358f0af780,LINC00970
1,169596959,169596959,1,snv_mnv,NA,NA,"dkfz,muse,sanger",3,COSN19313061,NA,NA,FALSE,0.1795,NA,7,32,NA,NA,NA,Intron,FALSE,FALSE,FALSE,FALSE,2,1,1,1_1,d88296ac-bb0d-47ab-9051-6c358f0af780,NA
1,170559777,170559777,1,snv_mnv,NA,NA,"broad,dkfz,muse,sanger",4,COSN19313052,NA,NA,FALSE,0.1667,NA,5,25,NA,NA,NA,lincRNA,FALSE,FALSE,FALSE,FALSE,2,1,1,1_1,d88296ac-bb0d-47ab-9051-6c358f0af780,AL162399.1
1,177454935,177454935,1,snv_mnv,NA,NA,"broad,dkfz,muse,sanger",4,COSN19313079,rs149126699,NA,FALSE,0.375,NA,9,15,NA,NA,NA,lincRNA,FALSE,FALSE,FALSE,FALSE,2,1,1,1_1,d88296ac-bb0d-47ab-9051-6c358f0af780,NA
1,188545456,188545456,1,snv_mnv,NA,NA,"broad,dkfz,muse,sanger",4,COSN19313103,NA,HERV35I-int,FALSE,0.0345,NA,1,28,NA,NA,NA,IGR,FALSE,FALSE,FALSE,FALSE,2,1,1,1_1,d88296ac-bb0d-47ab-9051-6c358f0af780,NA
1,189526400,189526400,1,snv_mnv,NA,NA,"broad,dkfz,muse,sanger",4,COSN19313049,NA,Arthur1,FALSE,0.3429,NA,12,23,NA,NA,NA,IGR,FALSE,FALSE,FALSE,FALSE,2,1,1,1_1,d88296ac-bb0d-47ab-9051-6c358f0af780,NA
1,189535685,189535685,1,snv_mnv,NA,NA,"broad,dkfz,muse,sanger",4,COSN19313104,NA,NA,FALSE,0.2895,NA,11,27,NA,NA,NA,IGR,FALSE,FALSE,FALSE,FALSE,2,1,1,1_1,d88296ac-bb0d-47ab-9051-6c358f0af780,NA
1,189859222,189859222,1,snv_mnv,NA,NA,"broad,dkfz,muse,sanger",4,COSN19313048,NA,NA,FALSE,0.1875,NA,6,26,NA,NA,NA,IGR,FALSE,FALSE,FALSE,FALSE,2,1,1,1_1,d88296ac-bb0d-47ab-9051-6c358f0af780,NA
1,190248555,190248555,1,snv_mnv,NA,NA,"broad,dkfz,muse,sanger",4,COSN19313089,NA,MIRb,FALSE,0.1579,NA,6,32,NA,NA,NA,Intron,FALSE,FALSE,FALSE,FALSE,2,1,1,1_1,d88296ac-bb0d-47ab-9051-6c358f0af780,NA
1,190298651,190298651,1,snv_mnv,NA,NA,"broad,dkfz,muse,sanger",4,COSN19313115,NA,L1PA16,FALSE,0.3333,NA,9,18,NA,NA,NA,Intron,FALSE,FALSE,FALSE,FALSE,2,1,1,1_1,d88296ac-bb0d-47ab-9051-6c358f0af780,NA
1,191451798,191451798,1,snv_mnv,NA,NA,"broad,dkfz,muse,sanger",4,COSN19313084,NA,NA,FALSE,0.4583,NA,11,13,NA,NA,NA,IGR,FALSE,FALSE,FALSE,FALSE,2,1,1,1_1,d88296ac-bb0d-47ab-9051-6c358f0af780,NA
1,191742287,191742287,1,snv_mnv,NA,NA,"broad,dkfz,muse,sanger",4,COSN19313062,NA,NA,FALSE,0.5143,NA,18,17,NA,NA,NA,IGR,FALSE,FALSE,FALSE,FALSE,2,1,1,1_1,d88296ac-bb0d-47ab-9051-6c358f0af780,NA
1,195798762,195798762,1,snv_mnv,NA,NA,"broad,dkfz,muse,sanger",4,COSN19313082,NA,NA,FALSE,0.1515,NA,5,28,NA,NA,NA,IGR,FALSE,FALSE,FALSE,FALSE,2,1,1,1_1,d88296ac-bb0d-47ab-9051-6c358f0af780,NA
1,205423064,205423064,1,snv_mnv,NA,NA,"broad,dkfz,muse,sanger",4,COSN19313126,NA,NA,FALSE,0.1714,NA,6,29,NA,NA,NA,lincRNA,FALSE,FALSE,FALSE,FALSE,2,1,1,1_1,d88296ac-bb0d-47ab-9051-6c358f0af780,"AC098936.1,LEMD1"
1,209857246,209857246,1,snv_mnv,NA,NA,"broad,dkfz,muse,sanger",4,COSN19313083,NA,NA,FALSE,0.551,NA,27,22,NA,NA,NA,5'Flank,FALSE,FALSE,FALSE,FALSE,2,1,1,1_1,d88296ac-bb0d-47ab-9051-6c358f0af780,HSD11B1
1,210296867,210296867,1,snv_mnv,NA,NA,"broad,dkfz,muse,sanger",4,COSN19313125,NA,NA,FALSE,0.24,NA,6,19,NA,NA,NA,Intron,FALSE,FALSE,FALSE,FALSE,2,1,1,1_1,d88296ac-bb0d-47ab-9051-6c358f0af780,NA
1,216261438,216261438,1,snv_mnv,NA,NA,"broad,dkfz,muse,sanger",4,COSN19313101,NA,L2a,FALSE,0.2195,NA,9,32,NA,NA,NA,Intron,FALSE,FALSE,FALSE,FALSE,2,1,1,1_1,d88296ac-bb0d-47ab-9051-6c358f0af780,"AC093581.1,USH2A"
1,216507975,216507975,1,snv_mnv,NA,NA,"broad,dkfz,muse,sanger",4,COSN19313086,NA,L1M4,FALSE,0.2,NA,7,28,NA,NA,NA,Intron,FALSE,FALSE,FALSE,FALSE,2,1,1,1_1,d88296ac-bb0d-47ab-9051-6c358f0af780,NA
1,218852504,218852504,1,snv_mnv,NA,NA,"broad,dkfz,muse,sanger",4,COSN19313097,NA,L2a,FALSE,0.4103,NA,16,23,NA,NA,NA,IGR,FALSE,FALSE,TRUE,FALSE,2,1,1,1_1,d88296ac-bb0d-47ab-9051-6c358f0af780,NA
1,223615335,223615335,1,snv_mnv,NA,NA,"broad,dkfz,muse,sanger",4,COSN19313076,NA,NA,FALSE,0.4048,NA,17,25,NA,NA,NA,IGR,FALSE,FALSE,FALSE,FALSE,2,1,1,1_1,d88296ac-bb0d-47ab-9051-6c358f0af780,NA
1,226543543,226543543,1,snv_mnv,NA,NA,"broad,dkfz,muse,sanger",4,COSN19313135,NA,NA,FALSE,0.24,NA,6,19,NA,NA,NA,IGR,FALSE,FALSE,FALSE,FALSE,2,1,1,1_1,d88296ac-bb0d-47ab-9051-6c358f0af780,PARP1
1,228669953,228669953,1,snv_mnv,NA,NA,"broad,dkfz,muse",3,COSN19313073,NA,(CAAA)n,FALSE,0.2353,NA,8,26,NA,NA,NA,IGR,FALSE,FALSE,FALSE,FALSE,2,1,1,1_1,d88296ac-bb0d-47ab-9051-6c358f0af780,"RNF187,AL139288.1"
1,235846436,235846436,1,snv_mnv,NA,NA,"broad,dkfz,muse,sanger",4,COSN19313067,NA,L4,FALSE,0.4286,NA,21,28,NA,NA,NA,Intron,FALSE,FALSE,FALSE,FALSE,2,1,1,1_1,d88296ac-bb0d-47ab-9051-6c358f0af780,NA
1,237551884,237551884,1,snv_mnv,NA,NA,"broad,dkfz,muse,sanger",4,COSN19313050,NA,NA,FALSE,0.1818,NA,6,27,NA,NA,NA,Intron,FALSE,FALSE,FALSE,FALSE,2,1,1,1_1,d88296ac-bb0d-47ab-9051-6c358f0af780,NA
1,237746316,237746316,1,snv_mnv,NA,NA,"broad,dkfz,muse,sanger",4,COSN19313128,NA,L1PA16,FALSE,0.4706,NA,16,18,NA,NA,NA,Intron,FALSE,FALSE,FALSE,FALSE,2,1,1,1_1,d88296ac-bb0d-47ab-9051-6c358f0af780,NA
1,238399838,238399838,1,snv_mnv,NA,NA,"broad,dkfz,muse,sanger",4,COSN19313069,NA,NA,FALSE,0.4062,NA,13,19,NA,NA,NA,IGR,FALSE,FALSE,FALSE,FALSE,2,1,1,1_1,d88296ac-bb0d-47ab-9051-6c358f0af780,NA
1,238609267,238609267,1,snv_mnv,NA,NA,"broad,dkfz,muse,sanger",4,COSN19313131,NA,AluSx1,FALSE,0.5263,NA,10,9,NA,NA,NA,IGR,FALSE,FALSE,FALSE,FALSE,2,1,1,1_1,d88296ac-bb0d-47ab-9051-6c358f0af780,NA
1,240036781,240036781,1,snv_mnv,NA,NA,"broad,muse,sanger",3,COSN19313044,NA,L1PA7,FALSE,0.25,NA,4,12,NA,NA,NA,Intron,FALSE,FALSE,TRUE,FALSE,2,1,1,1_1,d88296ac-bb0d-47ab-9051-6c358f0af780,NA
1,242672056,242672056,1,snv_mnv,5.9904e-4,rs569628631,"broad,dkfz,muse,sanger",4,COSN19313042,rs569628631,NA,FALSE,0.3214,NA,9,19,NA,NA,NA,Intron,FALSE,FALSE,FALSE,FALSE,2,1,1,1_1,d88296ac-bb0d-47ab-9051-6c358f0af780,NA
1,245531866,245531866,1,snv_mnv,NA,NA,"dkfz,sanger",2,COSN19313108,NA,NA,FALSE,0.4722,NA,17,19,NA,NA,NA,Intron,FALSE,FALSE,FALSE,FALSE,2,1,1,1_1,d88296ac-bb0d-47ab-9051-6c358f0af780,NA
10,8918088,8918088,1,snv_mnv,NA,NA,"broad,dkfz,muse,sanger",4,COSN19314270,NA,NA,FALSE,0.5897,NA,23,16,NA,NA,NA,IGR,FALSE,FALSE,FALSE,FALSE,2,1,1,1_1,d88296ac-bb0d-47ab-9051-6c358f0af780,NA
10,11729145,11729145,1,snv_mnv,NA,NA,"broad,muse,sanger",3,COSN19314290,NA,L1MA10,FALSE,0.1935,NA,6,25,NA,NA,NA,IGR,FALSE,FALSE,TRUE,FALSE,2,1,1,1_1,d88296ac-bb0d-47ab-9051-6c358f0af780,NA
10,13913295,13913295,1,snv_mnv,1.9968e-4,rs563730084,"broad,dkfz,muse,sanger",4,COSN19314315,rs563730084,NA,FALSE,0.5417,NA,13,11,NA,NA,NA,Intron,FALSE,FALSE,FALSE,FALSE,2,1,1,1_1,d88296ac-bb0d-47ab-9051-6c358f0af780,NUTF2P5
10,16978494,16978494,1,snv_mnv,NA,NA,"broad,dkfz,muse,sanger",4,COSN19314299,NA,NA,FALSE,0.4545,NA,20,24,NA,NA,NA,Intron,FALSE,FALSE,FALSE,FALSE,2,1,1,1_1,d88296ac-bb0d-47ab-9051-6c358f0af780,NA
10,18602999,18602999,1,snv_mnv,NA,NA,"broad,dkfz,muse,sanger",4,COSN19314333,NA,NA,FALSE,0.2121,NA,7,26,NA,NA,NA,Intron,FALSE,FALSE,FALSE,FALSE,2,1,1,1_1,d88296ac-bb0d-47ab-9051-6c358f0af780,NA
10,19626926,19626926,1,snv_mnv,NA,NA,"broad,dkfz,muse,sanger",4,COSN19314334,NA,AluSc8,FALSE,0.24,NA,6,19,NA,NA,NA,Intron,FALSE,FALSE,FALSE,FALSE,2,1,1,1_1,d88296ac-bb0d-47ab-9051-6c358f0af780,NA
10,20433402,20433402,1,snv_mnv,NA,NA,"broad,dkfz,muse,sanger",4,COSN19314278,NA,NA,FALSE,0.1316,NA,5,33,NA,NA,NA,Intron,FALSE,FALSE,FALSE,FALSE,2,1,1,1_1,d88296ac-bb0d-47ab-9051-6c358f0af780,NA
10,20943235,20943235,1,snv_mnv,NA,NA,"broad,dkfz,muse,sanger",4,COSN19314314,NA,L1PA7,FALSE,0.1795,NA,7,32,NA,NA,NA,IGR,FALSE,FALSE,FALSE,FALSE,2,1,1,1_1,d88296ac-bb0d-47ab-9051-6c358f0af780,NA
10,21540804,21540804,1,snv_mnv,NA,NA,"broad,dkfz,muse,sanger",4,COSN19314342,NA,MLT1A0,FALSE,0.1915,NA,9,38,NA,NA,NA,IGR,FALSE,FALSE,FALSE,FALSE,2,1,1,1_1,d88296ac-bb0d-47ab-9051-6c358f0af780,LUZP4P1
10,25410788,25410788,1,snv_mnv,NA,NA,"broad,dkfz,muse,sanger",4,COSN19314326,NA,MER41-int,FALSE,0.5833,NA,21,15,NA,NA,NA,lincRNA,FALSE,FALSE,FALSE,FALSE,2,1,1,1_1,d88296ac-bb0d-47ab-9051-6c358f0af780,NA
10,26487974,26487974,1,snv_mnv,NA,NA,"broad,dkfz,muse,sanger",4,COSN19314305,NA,L4,FALSE,0.4667,NA,14,16,NA,NA,NA,Intron,FALSE,FALSE,FALSE,FALSE,2,1,1,1_1,d88296ac-bb0d-47ab-9051-6c358f0af780,MYO3A
10,27601988,27601988,1,snv_mnv,NA,NA,"broad,muse,sanger",3,COSN19314311,NA,AluSq,FALSE,0.4138,NA,12,17,NA,NA,NA,RNA,FALSE,FALSE,FALSE,FALSE,2,1,1,1_1,d88296ac-bb0d-47ab-9051-6c358f0af780,"RNU6-666P,AL355493.4"
10,33483115,33483115,1,snv_mnv,NA,NA,"broad,dkfz,muse,sanger",4,COSN19314266,NA,NA,FALSE,0.2903,NA,9,22,NA,NA,NA,Intron,FALSE,FALSE,FALSE,FALSE,2,1,1,1_1,d88296ac-bb0d-47ab-9051-6c358f0af780,NRP1
10,34018480,34018480,1,snv_mnv,NA,NA,"broad,dkfz,muse,sanger",4,COSN19314312,NA,NA,FALSE,0.2564,NA,10,29,NA,NA,NA,IGR,FALSE,FALSE,FALSE,FALSE,2,1,1,1_1,d88296ac-bb0d-47ab-9051-6c358f0af780,NA
10,34478442,34478442,1,snv_mnv,NA,NA,"broad,dkfz,muse,sanger",4,COSN19314310,NA,Charlie1a,FALSE,0.25,NA,9,27,NA,NA,NA,Intron,FALSE,FALSE,FALSE,FALSE,2,1,1,1_1,d88296ac-bb0d-47ab-9051-6c358f0af780,NA
10,44484988,44484988,1,snv_mnv,NA,NA,"broad,dkfz,muse,sanger",4,COSN19314318,NA,NA,FALSE,0.2667,NA,8,22,NA,NA,NA,IGR,FALSE,FALSE,FALSE,FALSE,2,1,1,1_1,d88296ac-bb0d-47ab-9051-6c358f0af780,NA
10,44590852,44590852,1,snv_mnv,NA,NA,"broad,dkfz,muse,sanger",4,COSN19314341,NA,L1PA6,FALSE,0.2432,NA,9,28,NA,NA,NA,IGR,FALSE,FALSE,FALSE,FALSE,2,1,1,1_1,d88296ac-bb0d-47ab-9051-6c358f0af780,NA
10,48489965,48489965,1,snv_mnv,NA,NA,"broad,dkfz,muse,sanger",4,COSN19314280,NA,L2,FALSE,0.275,NA,11,29,NA,NA,NA,IGR,FALSE,FALSE,FALSE,FALSE,2,1,1,1_1,d88296ac-bb0d-47ab-9051-6c358f0af780,NA
10,53154212,53154212,1,snv_mnv,NA,NA,"broad,dkfz,muse,sanger",4,COSN19314269,NA,MLT1G1,FALSE,0.5185,NA,14,13,NA,NA,NA,Intron,FALSE,FALSE,FALSE,FALSE,2,1,1,1_1,d88296ac-bb0d-47ab-9051-6c358f0af780,NA
10,53692474,53692474,1,snv_mnv,NA,NA,"broad,dkfz,muse,sanger",4,COSN19314268,NA,NA,FALSE,0.2222,NA,6,21,NA,NA,NA,Intron,FALSE,FALSE,FALSE,FALSE,2,1,1,1_1,d88296ac-bb0d-47ab-9051-6c358f0af780,NA
10,55269488,55269488,1,snv_mnv,NA,NA,"broad,dkfz,muse,sanger",4,COSN19314344,NA,L1PB4,FALSE,0.2414,NA,7,22,NA,NA,NA,IGR,FALSE,FALSE,FALSE,FALSE,2,1,1,1_1,d88296ac-bb0d-47ab-9051-6c358f0af780,NA
10,55783138,55783138,1,snv_mnv,NA,NA,"broad,dkfz,muse,sanger",4,COSN19314279,NA,NA,FALSE,0.186,NA,8,35,NA,NA,NA,Intron,FALSE,FALSE,TRUE,FALSE,2,1,1,1_1,d88296ac-bb0d-47ab-9051-6c358f0af780,NA
10,56185825,56185825,1,snv_mnv,NA,NA,"broad,dkfz,muse,sanger",4,COSN19314338,NA,NA,FALSE,0.2667,NA,12,33,NA,NA,NA,Intron,FALSE,FALSE,FALSE,FALSE,2,1,1,1_1,d88296ac-bb0d-47ab-9051-6c358f0af780,NA
10,57031027,57031027,1,snv_mnv,NA,NA,"broad,dkfz,muse,sanger",4,COSN19314329,NA,NA,FALSE,0.4857,NA,17,18,NA,NA,NA,Intron,FALSE,FALSE,FALSE,FALSE,2,1,1,1_1,d88296ac-bb0d-47ab-9051-6c358f0af780,NA
10,57331183,57331183,1,snv_mnv,NA,NA,"broad,dkfz,muse,sanger",4,COSN19314309,NA,NA,FALSE,0.1556,NA,7,38,NA,NA,NA,Intron,FALSE,FALSE,FALSE,FALSE,2,1,1,1_1,d88296ac-bb0d-47ab-9051-6c358f0af780,NA
10,57538036,57538036,1,snv_mnv,NA,NA,"muse,sanger",2,COSN19314327,NA,L1MB1,FALSE,0.2121,NA,7,26,NA,NA,NA,IGR,FALSE,FALSE,TRUE,FALSE,2,1,1,1_1,d88296ac-bb0d-47ab-9051-6c358f0af780,NA
10,57567213,57567213,1,snv_mnv,NA,NA,"broad,muse,sanger",3,COSN19314264,NA,L1PB1,FALSE,0.4706,NA,16,18,NA,NA,NA,IGR,FALSE,FALSE,FALSE,FALSE,2,1,1,1_1,d88296ac-bb0d-47ab-9051-6c358f0af780,NA
10,62855950,62855950,1,snv_mnv,NA,NA,"broad,dkfz,muse,sanger",4,COSN19314292,NA,HSMAR2,FALSE,0.2368,NA,9,29,NA,NA,NA,IGR,FALSE,FALSE,FALSE,FALSE,2,1,1,1_1,d88296ac-bb0d-47ab-9051-6c358f0af780,NA
10,65387042,65387042,1,snv_mnv,NA,NA,"broad,muse,sanger",3,COSN19314277,NA,AluJb,FALSE,0.1724,NA,5,24,NA,NA,NA,IGR,FALSE,FALSE,FALSE,FALSE,2,1,1,1_1,d88296ac-bb0d-47ab-9051-6c358f0af780,REEP3
10,65872876,65872876,1,snv_mnv,NA,NA,"broad,dkfz,muse,sanger",4,COSN19399718,NA,NA,FALSE,0.45,NA,18,22,NA,NA,NA,IGR,FALSE,FALSE,FALSE,FALSE,2,1,1,1_1,d88296ac-bb0d-47ab-9051-6c358f0af780,NA
10,66583514,66583514,1,snv_mnv,NA,NA,"broad,dkfz,muse,sanger",4,COSN19314298,NA,NA,FALSE,0.2381,NA,10,32,NA,NA,NA,IGR,FALSE,FALSE,FALSE,FALSE,2,1,1,1_1,d88296ac-bb0d-47ab-9051-6c358f0af780,ANXA2P3
10,67125491,67125491,1,snv_mnv,NA,NA,"broad,dkfz,muse,sanger",4,COSN19314303,NA,NA,FALSE,0.4231,NA,22,30,NA,NA,NA,IGR,FALSE,FALSE,FALSE,FALSE,2,1,1,1_1,d88296ac-bb0d-47ab-9051-6c358f0af780,NA
10,67775617,67775617,1,snv_mnv,NA,NA,"broad,dkfz,muse,sanger",4,COSN19314271,NA,NA,FALSE,0.125,NA,5,35,NA,NA,NA,Intron,FALSE,FALSE,FALSE,FALSE,2,1,1,1_1,d88296ac-bb0d-47ab-9051-6c358f0af780,NA
10,69043215,69043215,1,snv_mnv,NA,NA,"broad,dkfz,muse,sanger",4,COSN19314321,NA,MER50,FALSE,0.6538,NA,17,9,NA,NA,NA,Intron,FALSE,FALSE,FALSE,FALSE,2,1,1,1_1,d88296ac-bb0d-47ab-9051-6c358f0af780,NA
10,69114188,69114188,1,snv_mnv,NA,NA,"broad,dkfz,muse,sanger",4,COSN19314323,NA,NA,FALSE,0.2444,NA,11,34,NA,NA,NA,Intron,FALSE,FALSE,FALSE,FALSE,2,1,1,1_1,d88296ac-bb0d-47ab-9051-6c358f0af780,NA
10,70305667,70305667,1,snv_mnv,NA,NA,"broad,dkfz,muse,sanger",4,COSN19314313,NA,AluSx3,FALSE,0.375,NA,12,20,NA,NA,NA,IGR,FALSE,FALSE,FALSE,FALSE,2,1,1,1_1,d88296ac-bb0d-47ab-9051-6c358f0af780,TMEM14DP
10,70564598,70564598,1,snv_mnv,NA,NA,"broad,dkfz,muse,sanger",4,COSN19314324,NA,NA,FALSE,0.4839,NA,15,16,NA,NA,NA,IGR,FALSE,FALSE,FALSE,FALSE,2,1,1,1_1,d88296ac-bb0d-47ab-9051-6c358f0af780,NA
10,71418051,71418051,1,snv_mnv,NA,NA,"broad,dkfz,muse,sanger",4,COSN19314283,NA,L2c,FALSE,0.4194,NA,13,18,NA,NA,NA,IGR,FALSE,FALSE,FALSE,FALSE,2,1,1,1_1,d88296ac-bb0d-47ab-9051-6c358f0af780,NA
10,77951610,77951610,1,snv_mnv,NA,NA,"broad,dkfz,muse,sanger",4,COSN19314273,NA,NA,FALSE,0.2258,NA,7,24,NA,NA,NA,Intron,FALSE,FALSE,FALSE,FALSE,2,1,1,1_1,d88296ac-bb0d-47ab-9051-6c358f0af780,NA
10,82452591,82452591,1,snv_mnv,NA,NA,"broad,dkfz,muse,sanger",4,COSN19314322,NA,NA,FALSE,0.1944,NA,7,29,NA,NA,NA,IGR,FALSE,FALSE,FALSE,FALSE,2,1,1,1_1,d88296ac-bb0d-47ab-9051-6c358f0af780,NA
10,83428094,83428094,1,snv_mnv,NA,NA,"broad,dkfz,muse,sanger",4,COSN19314339,NA,NA,FALSE,0.3871,NA,12,19,NA,NA,NA,IGR,FALSE,FALSE,FALSE,FALSE,2,1,1,1_1,d88296ac-bb0d-47ab-9051-6c358f0af780,NA
10,84397734,84397734,1,snv_mnv,NA,NA,"broad,muse,sanger",3,COSN19314332,NA,L1MC4,FALSE,0.15,NA,6,34,NA,NA,NA,Intron,FALSE,FALSE,FALSE,FALSE,2,1,1,1_1,d88296ac-bb0d-47ab-9051-6c358f0af780,NA
10,85186057,85186057,1,snv_mnv,NA,NA,"broad,dkfz,muse,sanger",4,COSN19314276,NA,NA,FALSE,0.3529,NA,12,22,NA,NA,NA,IGR,FALSE,FALSE,FALSE,FALSE,2,1,1,1_1,d88296ac-bb0d-47ab-9051-6c358f0af780,NA
10,85195179,85195179,1,snv_mnv,NA,NA,"broad,muse,sanger",3,COSN19314331,NA,LTR31,FALSE,0.1429,NA,4,24,NA,NA,NA,RNA,FALSE,FALSE,FALSE,FALSE,2,1,1,1_1,d88296ac-bb0d-47ab-9051-6c358f0af780,NA
10,86789352,86789352,1,snv_mnv,NA,NA,"broad,dkfz,muse,sanger",4,COSN19314306,NA,L1PA16,FALSE,0.2308,NA,9,30,NA,NA,NA,IGR,FALSE,FALSE,TRUE,FALSE,2,1,1,1_1,d88296ac-bb0d-47ab-9051-6c358f0af780,NA
10,87145811,87145811,1,snv_mnv,NA,NA,"broad,muse,sanger",3,COSN19314291,NA,L1PA14,FALSE,0.1562,NA,5,27,NA,NA,NA,IGR,FALSE,FALSE,FALSE,FALSE,2,1,1,1_1,d88296ac-bb0d-47ab-9051-6c358f0af780,NA
10,88795598,88795598,1,snv_mnv,NA,NA,"broad,dkfz,muse,sanger",4,COSN19314265,NA,L1PA13,FALSE,0.4828,NA,14,15,NA,NA,NA,IGR,FALSE,FALSE,FALSE,FALSE,2,1,1,1_1,d88296ac-bb0d-47ab-9051-6c358f0af780,NA
10,89481948,89481948,1,snv_mnv,NA,NA,"broad,dkfz,muse,sanger",4,COSN19314274,NA,NA,FALSE,0.1321,NA,7,46,NA,NA,NA,Intron,FALSE,FALSE,FALSE,FALSE,2,1,1,1_1,d88296ac-bb0d-47ab-9051-6c358f0af780,NA
10,89611940,89611940,1,snv_mnv,NA,NA,"broad,dkfz,muse,sanger",4,COSN19314284,NA,NA,FALSE,0.2143,NA,6,22,NA,NA,NA,IGR,FALSE,FALSE,FALSE,FALSE,2,1,1,1_1,d88296ac-bb0d-47ab-9051-6c358f0af780,NA
10,92047431,92047431,1,snv_mnv,NA,NA,"broad,dkfz,muse,sanger",4,COSN19314343,NA,NA,FALSE,0.2,NA,7,28,NA,NA,NA,IGR,FALSE,FALSE,FALSE,FALSE,2,1,1,1_1,d88296ac-bb0d-47ab-9051-6c358f0af780,NA
10,96526824,96526824,1,snv_mnv,NA,NA,"broad,dkfz,muse,sanger",4,COSN19314282,NA,HERV9-int,FALSE,0.4348,NA,20,26,NA,NA,NA,Intron,FALSE,FALSE,FALSE,FALSE,2,1,1,1_1,d88296ac-bb0d-47ab-9051-6c358f0af780,NA
10,98517470,98517470,1,snv_mnv,NA,NA,"broad,dkfz,muse,sanger",4,COSN19314320,NA,AluSz,FALSE,0.5185,NA,14,13,NA,NA,NA,IGR,FALSE,FALSE,FALSE,FALSE,2,1,1,1_1,d88296ac-bb0d-47ab-9051-6c358f0af780,NA
10,100695087,100695087,1,snv_mnv,NA,NA,"broad,dkfz,muse,sanger",4,COSN19314330,NA,L1PA10,FALSE,0.5532,NA,26,21,NA,NA,NA,Intron,FALSE,FALSE,FALSE,FALSE,2,1,1,1_1,d88296ac-bb0d-47ab-9051-6c358f0af780,NA
10,102663496,102663496,1,snv_mnv,NA,NA,"broad,muse,sanger",3,COSN19314308,NA,AluSc8,FALSE,0.1429,NA,4,24,NA,NA,NA,IGR,FALSE,FALSE,FALSE,FALSE,2,1,1,1_1,d88296ac-bb0d-47ab-9051-6c358f0af780,RF00019
10,107484313,107484313,1,snv_mnv,NA,NA,"broad,dkfz,muse,sanger",4,COSN19314289,NA,NA,FALSE,0.1316,NA,5,33,NA,NA,NA,IGR,FALSE,FALSE,FALSE,FALSE,2,1,1,1_1,d88296ac-bb0d-47ab-9051-6c358f0af780,NA
10,109369407,109369407,1,snv_mnv,NA,NA,"broad,dkfz,muse,sanger",4,COSN19314287,NA,MLT2D,FALSE,0.6,NA,24,16,NA,NA,NA,IGR,FALSE,FALSE,FALSE,FALSE,2,1,1,1_1,d88296ac-bb0d-47ab-9051-6c358f0af780,NA
10,109767311,109767311,1,snv_mnv,NA,NA,"broad,dkfz,muse,sanger",4,COSN19314340,NA,THE1B-int,FALSE,0.2069,NA,6,23,NA,NA,NA,IGR,FALSE,FALSE,FALSE,FALSE,2,1,1,1_1,d88296ac-bb0d-47ab-9051-6c358f0af780,NA
10,113646730,113646730,1,snv_mnv,NA,NA,"broad,dkfz,muse,sanger",4,COSN19314300,NA,NA,FALSE,0.2,NA,10,40,NA,NA,NA,IGR,FALSE,FALSE,FALSE,FALSE,2,1,1,1_1,d88296ac-bb0d-47ab-9051-6c358f0af780,NA
10,118340215,118340215,1,snv_mnv,NA,NA,"broad,dkfz,muse,sanger",4,COSN19314316,NA,AluSg,FALSE,0.4688,NA,15,17,NA,NA,NA,IGR,FALSE,FALSE,FALSE,FALSE,2,1,1,1_1,d88296ac-bb0d-47ab-9051-6c358f0af780,NA
10,120653319,120653319,1,snv_mnv,NA,NA,"broad,dkfz,muse,sanger",4,COSN19314281,rs773124806,HERVH-int,FALSE,0.3846,NA,10,16,NA,NA,NA,IGR,FALSE,FALSE,FALSE,FALSE,2,1,1,1_1,d88296ac-bb0d-47ab-9051-6c358f0af780,NA
10,122952485,122952485,1,snv_mnv,NA,NA,"dkfz,muse,sanger",3,COSN19314301,NA,NA,FALSE,0.186,NA,8,35,NA,NA,NA,IGR,FALSE,FALSE,FALSE,FALSE,2,1,1,1_1,d88296ac-bb0d-47ab-9051-6c358f0af780,NA
10,122952915,122952915,1,snv_mnv,NA,NA,"broad,dkfz,muse,sanger",4,COSN19314307,NA,NA,FALSE,0.122,NA,5,36,NA,NA,NA,IGR,FALSE,FALSE,FALSE,FALSE,2,1,1,1_1,d88296ac-bb0d-47ab-9051-6c358f0af780,NA
10,123895767,123895767,1,snv_mnv,NA,NA,"broad,dkfz,muse,sanger",4,COSN19314345,NA,NA,FALSE,0.3103,NA,9,20,NA,NA,NA,Intron,FALSE,FALSE,FALSE,FALSE,2,1,1,1_1,d88296ac-bb0d-47ab-9051-6c358f0af780,NA
10,124878395,124878395,1,snv_mnv,NA,NA,"broad,dkfz,muse,sanger",4,COSN19314275,NA,NA,FALSE,0.1935,NA,6,25,NA,NA,NA,IGR,FALSE,FALSE,FALSE,FALSE,2,1,1,1_1,d88296ac-bb0d-47ab-9051-6c358f0af780,NA
10,128144873,128144873,1,snv_mnv,NA,NA,"broad,dkfz,muse,sanger",4,COSN19314319,NA,NA,FALSE,0.5588,NA,19,15,NA,NA,NA,Intron,FALSE,FALSE,FALSE,FALSE,2,1,1,1_1,d88296ac-bb0d-47ab-9051-6c358f0af780,NA
10,129492331,129492331,1,snv_mnv,NA,NA,"broad,dkfz,muse,sanger",4,COSN19314272,NA,NA,FALSE,0.2593,NA,7,20,NA,NA,NA,IGR,FALSE,FALSE,TRUE,FALSE,2,1,1,1_1,d88296ac-bb0d-47ab-9051-6c358f0af780,NA
10,132484817,132484817,1,snv_mnv,NA,NA,"dkfz,muse,sanger",3,COSN19314286,NA,NA,FALSE,0.1667,NA,6,30,NA,NA,NA,IGR,FALSE,FALSE,FALSE,FALSE,2,1,1,1_1,d88296ac-bb0d-47ab-9051-6c358f0af780,NA
10,133581257,133581257,1,snv_mnv,NA,NA,"broad,dkfz,muse,sanger",4,COSN19314336,NA,NA,FALSE,0.4643,NA,13,15,NA,NA,NA,IGR,FALSE,FALSE,FALSE,FALSE,2,1,1,1_1,d88296ac-bb0d-47ab-9051-6c358f0af780,NA
10,133630742,133630742,1,snv_mnv,NA,NA,"broad,dkfz,sanger",3,COSN19314317,NA,NA,FALSE,0.1724,NA,5,24,NA,NA,NA,IGR,FALSE,FALSE,FALSE,FALSE,2,1,1,1_1,d88296ac-bb0d-47ab-9051-6c358f0af780,NA
11,2072780,2072780,1,snv_mnv,NA,NA,"broad,dkfz,muse,sanger",4,COSN19312683,NA,HAL1b,FALSE,0.2174,NA,10,36,NA,NA,NA,IGR,FALSE,FALSE,FALSE,FALSE,2,1,1,1_1,d88296ac-bb0d-47ab-9051-6c358f0af780,NA
11,6458613,6458613,1,snv_mnv,NA,NA,"broad,dkfz,muse,sanger",4,COSN19312618,NA,NA,FALSE,0.1481,NA,4,23,NA,NA,NA,Intron,FALSE,FALSE,FALSE,FALSE,2,1,1,1_1,d88296ac-bb0d-47ab-9051-6c358f0af780,HPX
11,11088063,11088063,1,snv_mnv,NA,NA,"broad,dkfz,muse,sanger",4,COSN19312663,NA,NA,FALSE,0.4194,NA,13,18,NA,NA,NA,IGR,FALSE,FALSE,FALSE,FALSE,2,1,1,1_1,d88296ac-bb0d-47ab-9051-6c358f0af780,NA
11,21390339,21390339,1,snv_mnv,NA,NA,"dkfz,muse,sanger",3,COSN19312646,NA,NA,FALSE,0.1935,NA,6,25,NA,NA,NA,Intron,FALSE,FALSE,FALSE,FALSE,2,1,1,1_1,d88296ac-bb0d-47ab-9051-6c358f0af780,NA
11,22939324,22939324,1,snv_mnv,NA,NA,"broad,dkfz,muse,sanger",4,COSN19312655,NA,NA,FALSE,0.4483,NA,13,16,NA,NA,NA,RNA,FALSE,FALSE,FALSE,FALSE,2,1,1,1_1,d88296ac-bb0d-47ab-9051-6c358f0af780,NA
11,24749462,24749462,1,snv_mnv,NA,NA,"broad,dkfz,muse,sanger",4,COSN19312661,NA,NA,FALSE,0.1944,NA,7,29,NA,NA,NA,Intron,FALSE,FALSE,FALSE,FALSE,2,1,1,1_1,d88296ac-bb0d-47ab-9051-6c358f0af780,LUZP2
11,28920200,28920200,1,snv_mnv,NA,NA,"broad,dkfz,muse,sanger",4,COSN19312640,NA,NA,FALSE,0.2059,NA,7,27,NA,NA,NA,lincRNA,FALSE,FALSE,FALSE,FALSE,2,1,1,1_1,d88296ac-bb0d-47ab-9051-6c358f0af780,AC090833.1
11,29893057,29893057,1,snv_mnv,NA,NA,"broad,dkfz,muse,sanger",4,COSN19312644,NA,NA,FALSE,0.3947,NA,15,23,NA,NA,NA,lincRNA,FALSE,FALSE,FALSE,FALSE,2,1,1,1_1,d88296ac-bb0d-47ab-9051-6c358f0af780,NA
11,30860824,30860824,1,snv_mnv,NA,NA,"broad,dkfz,muse,sanger",4,COSN7002244,NA,NA,FALSE,0.1333,NA,4,26,NA,NA,NA,IGR,FALSE,FALSE,FALSE,FALSE,2,1,1,1_1,d88296ac-bb0d-47ab-9051-6c358f0af780,NA
11,33981656,33981656,1,snv_mnv,NA,NA,"dkfz,muse,sanger",3,COSN19312617,NA,NA,FALSE,0.1714,NA,6,29,NA,NA,NA,IGR,FALSE,FALSE,FALSE,FALSE,2,1,1,1_1,d88296ac-bb0d-47ab-9051-6c358f0af780,NA
11,34323801,34323801,1,snv_mnv,NA,NA,"broad,dkfz,muse,sanger",4,COSN19312667,NA,L1ME4a,FALSE,0.1463,NA,6,35,NA,NA,NA,Intron,FALSE,FALSE,FALSE,FALSE,2,1,1,1_1,d88296ac-bb0d-47ab-9051-6c358f0af780,NA
11,34826496,34826496,1,snv_mnv,NA,NA,"broad,dkfz,muse,sanger",4,COSN19312665,NA,L1P4,FALSE,0.4167,NA,15,21,NA,NA,NA,IGR,FALSE,FALSE,FALSE,FALSE,2,1,1,1_1,d88296ac-bb0d-47ab-9051-6c358f0af780,NA
11,37483323,37483323,1,snv_mnv,NA,NA,"broad,dkfz,muse,sanger",4,COSN19312662,NA,NA,FALSE,0.5652,NA,26,20,NA,NA,NA,IGR,FALSE,FALSE,TRUE,FALSE,2,1,1,1_1,d88296ac-bb0d-47ab-9051-6c358f0af780,NA
11,38314363,38314363,1,snv_mnv,NA,NA,"broad,dkfz,muse,sanger",4,COSN19312650,NA,NA,FALSE,0.413,NA,19,27,NA,NA,NA,IGR,FALSE,FALSE,FALSE,FALSE,2,1,1,1_1,d88296ac-bb0d-47ab-9051-6c358f0af780,NA
11,38505852,38505852,1,snv_mnv,NA,NA,"broad,dkfz,muse,sanger",4,COSN19312647,NA,L1MC4a,FALSE,0.2333,NA,7,23,NA,NA,NA,IGR,FALSE,FALSE,FALSE,FALSE,2,1,1,1_1,d88296ac-bb0d-47ab-9051-6c358f0af780,NA
11,38813320,38813320,1,snv_mnv,NA,NA,"broad,dkfz,muse,sanger",4,COSN19312642,NA,NA,FALSE,0.3226,NA,10,21,NA,NA,NA,IGR,FALSE,FALSE,TRUE,FALSE,2,1,1,1_1,d88296ac-bb0d-47ab-9051-6c358f0af780,NA
11,38866198,38866198,1,snv_mnv,NA,NA,"broad,dkfz,muse,sanger",4,COSN19312629,NA,L1MC3,FALSE,0.4074,NA,11,16,NA,NA,NA,IGR,FALSE,FALSE,FALSE,FALSE,2,1,1,1_1,d88296ac-bb0d-47ab-9051-6c358f0af780,NA
11,39993639,39993639,1,snv_mnv,NA,NA,"broad,dkfz,muse,sanger",4,COSN19312635,NA,MER87,FALSE,0.4516,NA,14,17,NA,NA,NA,IGR,FALSE,FALSE,TRUE,FALSE,2,1,1,1_1,d88296ac-bb0d-47ab-9051-6c358f0af780,NA
11,41399845,41399845,1,snv_mnv,NA,NA,"broad,dkfz,muse,sanger",4,COSN19312680,NA,NA,FALSE,0.55,NA,22,18,NA,NA,NA,Intron,FALSE,FALSE,FALSE,FALSE,2,1,1,1_1,d88296ac-bb0d-47ab-9051-6c358f0af780,NA
11,41660772,41660772,1,snv_mnv,NA,NA,"broad,dkfz,muse,sanger",4,COSN19312682,NA,THE1B,FALSE,0.5116,NA,22,21,NA,NA,NA,lincRNA,FALSE,FALSE,FALSE,FALSE,2,1,1,1_1,d88296ac-bb0d-47ab-9051-6c358f0af780,NA
11,42563304,42563304,1,snv_mnv,NA,NA,"broad,dkfz,muse,sanger",4,COSN19312660,NA,NA,FALSE,0.5714,NA,24,18,NA,NA,NA,IGR,FALSE,FALSE,FALSE,FALSE,2,1,1,1_1,d88296ac-bb0d-47ab-9051-6c358f0af780,NA
11,48774777,48774777,1,snv_mnv,NA,NA,"broad,muse",2,COSN19312652,NA,ALR/Alpha,FALSE,0.3333,NA,9,18,NA,NA,NA,IGR,FALSE,FALSE,FALSE,FALSE,2,1,1,1_1,d88296ac-bb0d-47ab-9051-6c358f0af780,NA
11,49693336,49693336,1,snv_mnv,NA,NA,"dkfz,muse,sanger",3,COSN19312669,NA,NA,FALSE,0.1579,NA,6,32,NA,NA,NA,RNA,FALSE,FALSE,FALSE,FALSE,2,1,1,1_1,d88296ac-bb0d-47ab-9051-6c358f0af780,NA
11,50654122,50654122,1,snv_mnv,NA,NA,"broad,muse,sanger",3,COSN19312638,NA,L1PA3,FALSE,0.3214,NA,9,19,NA,NA,NA,IGR,FALSE,FALSE,FALSE,FALSE,2,1,1,1_1,d88296ac-bb0d-47ab-9051-6c358f0af780,NA
11,54912344,54912344,1,snv_mnv,NA,NA,"broad,muse",2,COSN19312677,NA,ALR/Alpha,FALSE,0.2326,NA,10,33,NA,NA,NA,IGR,FALSE,FALSE,FALSE,FALSE,2,1,1,1_1,d88296ac-bb0d-47ab-9051-6c358f0af780,NA
11,55487624,55487624,1,snv_mnv,NA,NA,"broad,dkfz,muse,sanger",4,COSN19312657,NA,LTR1D,FALSE,0.303,NA,10,23,NA,NA,NA,IGR,FALSE,FALSE,FALSE,FALSE,2,1,1,1_1,d88296ac-bb0d-47ab-9051-6c358f0af780,"OR5D2P,OR5D3P"
11,56313985,56313985,1,snv_mnv,NA,NA,"dkfz,sanger",2,COSN19312631,NA,NA,FALSE,0.3913,NA,9,14,NA,NA,NA,IGR,FALSE,FALSE,FALSE,FALSE,2,1,1,1_1,d88296ac-bb0d-47ab-9051-6c358f0af780,OR5M11
11,56401197,56401197,1,snv_mnv,NA,NA,"broad,dkfz,muse,sanger",4,COSN19312653,NA,NA,FALSE,0.1667,NA,6,30,NA,NA,NA,IGR,FALSE,FALSE,FALSE,FALSE,2,1,1,1_1,d88296ac-bb0d-47ab-9051-6c358f0af780,OR5M12P
11,61766796,61766796,1,snv_mnv,NA,NA,"broad,dkfz,muse,sanger",4,COSN19312671,NA,LTR10E,FALSE,0.2424,NA,8,25,NA,NA,NA,IGR,FALSE,FALSE,FALSE,FALSE,2,1,1,1_1,d88296ac-bb0d-47ab-9051-6c358f0af780,NA
11,64224769,64224769,1,snv_mnv,NA,NA,"broad,muse,sanger",3,COSN19312621,NA,ERV3-16A3_I-int,FALSE,0.2,NA,6,24,NA,NA,NA,IGR,FALSE,FALSE,FALSE,FALSE,2,1,1,1_1,d88296ac-bb0d-47ab-9051-6c358f0af780,NA
11,64517866,64517866,1,snv_mnv,NA,NA,"broad,dkfz,muse",3,COSM5419582,NA,NA,FALSE,0.375,NA,9,15,NA,NA,NA,Missense_Mutation,FALSE,FALSE,FALSE,FALSE,2,1,1,1_1,d88296ac-bb0d-47ab-9051-6c358f0af780,"PYGM,RASGRP2"
11,66143233,66143233,1,snv_mnv,NA,NA,"broad,dkfz,muse,sanger",4,COSN19312641,NA,L1MC2,FALSE,0.1818,NA,6,27,NA,NA,NA,IGR,FALSE,FALSE,FALSE,FALSE,2,1,1,1_1,d88296ac-bb0d-47ab-9051-6c358f0af780,"SLC29A2,RF00017"
11,68946768,68946768,1,snv_mnv,NA,NA,"broad,dkfz,muse,sanger",4,COSN19312616,NA,NA,FALSE,0.1724,NA,5,24,NA,NA,NA,IGR,FALSE,FALSE,FALSE,FALSE,2,1,1,1_1,d88296ac-bb0d-47ab-9051-6c358f0af780,NA
11,71761665,71761665,1,snv_mnv,NA,NA,"broad,dkfz,muse,sanger",4,COSN19312645,NA,MIRb,FALSE,0.2105,NA,8,30,NA,NA,NA,Intron,FALSE,FALSE,FALSE,FALSE,2,1,1,1_1,d88296ac-bb0d-47ab-9051-6c358f0af780,RNU6-72P
11,78921737,78921737,1,snv_mnv,NA,NA,"broad,dkfz,muse,sanger",4,COSN19312664,rs776981070,NA,FALSE,0.1852,NA,5,22,NA,NA,NA,Intron,FALSE,FALSE,FALSE,FALSE,2,1,1,1_1,d88296ac-bb0d-47ab-9051-6c358f0af780,NA
11,79785274,79785274,1,snv_mnv,NA,NA,"broad,dkfz,muse,sanger",4,COSN19312625,NA,NA,FALSE,0.2075,NA,11,42,NA,NA,NA,IGR,FALSE,FALSE,FALSE,FALSE,2,1,1,1_1,d88296ac-bb0d-47ab-9051-6c358f0af780,NA
11,80103876,80103876,1,snv_mnv,NA,NA,"broad,dkfz,muse,sanger",4,COSN19312639,NA,NA,FALSE,0.3333,NA,10,20,NA,NA,NA,IGR,FALSE,FALSE,FALSE,FALSE,2,1,1,1_1,d88296ac-bb0d-47ab-9051-6c358f0af780,NA
11,80458563,80458563,1,snv_mnv,1.9968e-4,rs183916447,"broad,dkfz,muse,sanger",4,COSN19312679,rs183916447,NA,FALSE,0.2333,NA,7,23,NA,NA,NA,IGR,FALSE,FALSE,FALSE,FALSE,2,1,1,1_1,d88296ac-bb0d-47ab-9051-6c358f0af780,AP002759.1
11,80733306,80733306,1,snv_mnv,NA,NA,"broad,dkfz,muse,sanger",4,COSN19312627,NA,NA,FALSE,0.1892,NA,7,30,NA,NA,NA,IGR,FALSE,FALSE,FALSE,FALSE,2,1,1,1_1,d88296ac-bb0d-47ab-9051-6c358f0af780,NA
11,81467151,81467151,1,snv_mnv,NA,NA,"broad,dkfz,muse,sanger",4,COSN19312628,NA,NA,FALSE,0.439,NA,18,23,NA,NA,NA,IGR,FALSE,FALSE,FALSE,FALSE,2,1,1,1_1,d88296ac-bb0d-47ab-9051-6c358f0af780,NA
11,90255441,90255441,1,snv_mnv,1.9968e-4,rs544603725,"broad,muse,sanger",3,COSN19312651,rs544603725,L1ME2,FALSE,0.1316,NA,5,33,NA,NA,NA,RNA,FALSE,FALSE,FALSE,FALSE,2,1,1,1_1,d88296ac-bb0d-47ab-9051-6c358f0af780,NA
11,90548636,90548636,1,snv_mnv,NA,NA,"broad,dkfz,muse,sanger",4,COSN19312630,NA,MSTD-int,FALSE,0.4865,NA,18,19,NA,NA,NA,RNA,FALSE,FALSE,FALSE,FALSE,2,1,1,1_1,d88296ac-bb0d-47ab-9051-6c358f0af780,NA
11,91074991,91074991,1,snv_mnv,NA,NA,"broad,dkfz,muse,sanger",4,COSN19312666,NA,L1PB3,FALSE,0.5238,NA,22,20,NA,NA,NA,IGR,FALSE,FALSE,FALSE,FALSE,2,1,1,1_1,d88296ac-bb0d-47ab-9051-6c358f0af780,NA
11,91194764,91194764,1,snv_mnv,NA,NA,"broad,dkfz,muse,sanger",4,COSN19312676,rs767993340,NA,FALSE,0.3913,NA,9,14,NA,NA,NA,IGR,FALSE,FALSE,FALSE,FALSE,2,1,1,1_1,d88296ac-bb0d-47ab-9051-6c358f0af780,NA
11,92709170,92709170,1,snv_mnv,NA,NA,"dkfz,sanger",2,COSN19312636,NA,NA,FALSE,0.4848,NA,16,17,NA,NA,NA,Intron,FALSE,FALSE,FALSE,FALSE,2,1,1,1_1,d88296ac-bb0d-47ab-9051-6c358f0af780,NA
11,94701057,94701057,1,snv_mnv,NA,NA,"broad,dkfz,muse,sanger",4,COSN19312681,NA,NA,FALSE,0.2051,NA,8,31,NA,NA,NA,Intron,FALSE,FALSE,FALSE,FALSE,2,1,1,1_1,d88296ac-bb0d-47ab-9051-6c358f0af780,CWC15
11,97263539,97263539,1,snv_mnv,NA,NA,"broad,dkfz,muse,sanger",4,COSN19312626,NA,NA,FALSE,0.2632,NA,10,28,NA,NA,NA,IGR,FALSE,FALSE,TRUE,FALSE,2,1,1,1_1,d88296ac-bb0d-47ab-9051-6c358f0af780,NA
11,98714282,98714282,1,snv_mnv,NA,NA,"broad,dkfz,muse,sanger",4,COSN19312656,NA,L1MA3,FALSE,0.225,NA,9,31,NA,NA,NA,IGR,FALSE,FALSE,FALSE,FALSE,2,1,1,1_1,d88296ac-bb0d-47ab-9051-6c358f0af780,NA
11,99456436,99456436,1,snv_mnv,NA,NA,"broad,dkfz",2,COSN19312624,NA,NA,FALSE,0.2333,NA,7,23,NA,NA,NA,Intron,FALSE,FALSE,FALSE,FALSE,2,1,1,1_1,d88296ac-bb0d-47ab-9051-6c358f0af780,NA
11,103190989,103190989,1,snv_mnv,1.9968e-4,rs571947521,"broad,muse,sanger",3,COSN19312615,rs571947521,AluSx,FALSE,0.1786,NA,5,23,NA,NA,NA,Intron,FALSE,FALSE,FALSE,FALSE,2,1,1,1_1,d88296ac-bb0d-47ab-9051-6c358f0af780,NA
11,105527849,105527849,1,snv_mnv,NA,NA,"broad,dkfz,muse,sanger",4,COSN19312672,NA,NA,FALSE,0.1622,NA,6,31,NA,NA,NA,Intron,FALSE,FALSE,TRUE,FALSE,2,1,1,1_1,d88296ac-bb0d-47ab-9051-6c358f0af780,NA
11,105996196,105996196,1,snv_mnv,NA,NA,"broad,dkfz,muse,sanger",4,COSN19312649,NA,NA,FALSE,0.3929,NA,11,17,NA,NA,NA,lincRNA,FALSE,FALSE,FALSE,FALSE,2,1,1,1_1,d88296ac-bb0d-47ab-9051-6c358f0af780,NA
11,107528914,107528914,1,snv_mnv,NA,NA,"broad,dkfz,muse,sanger",4,COSN19312620,NA,HAL1,FALSE,0.5294,NA,18,16,NA,NA,NA,Intron,FALSE,FALSE,FALSE,FALSE,2,1,1,1_1,d88296ac-bb0d-47ab-9051-6c358f0af780,ELMOD1
11,107587861,107587861,1,snv_mnv,NA,NA,"broad,dkfz,muse,sanger",4,COSN19312658,NA,NA,FALSE,0.2647,NA,9,25,NA,NA,NA,Intron,FALSE,FALSE,FALSE,FALSE,2,1,1,1_1,d88296ac-bb0d-47ab-9051-6c358f0af780,NA
11,110641268,110641268,1,snv_mnv,NA,NA,"broad,muse,sanger",3,COSN19312654,NA,L1PA11,FALSE,0.1333,NA,6,39,NA,NA,NA,IGR,FALSE,FALSE,FALSE,FALSE,2,1,1,1_1,d88296ac-bb0d-47ab-9051-6c358f0af780,NA
11,115385934,115385934,1,snv_mnv,NA,NA,"broad,muse,sanger",3,COSN19312622,NA,MLT1D,FALSE,0.2174,NA,5,18,NA,NA,NA,IGR,FALSE,FALSE,FALSE,FALSE,2,1,1,1_1,d88296ac-bb0d-47ab-9051-6c358f0af780,NA
11,115969311,115969311,1,snv_mnv,NA,NA,"broad,dkfz,muse,sanger",4,COSN19312668,NA,NA,FALSE,0.475,NA,19,21,NA,NA,NA,IGR,FALSE,FALSE,FALSE,FALSE,2,1,1,1_1,d88296ac-bb0d-47ab-9051-6c358f0af780,NA
11,116376342,116376342,1,snv_mnv,NA,NA,"broad,dkfz,muse,sanger",4,COSN19312633,NA,NA,FALSE,0.1739,NA,4,19,NA,NA,NA,IGR,FALSE,FALSE,FALSE,FALSE,2,1,1,1_1,d88296ac-bb0d-47ab-9051-6c358f0af780,LINC02151
11,116611885,116611885,1,snv_mnv,NA,NA,"broad,dkfz,muse,sanger",4,COSN19312670,NA,NA,FALSE,0.4828,NA,14,15,NA,NA,NA,IGR,FALSE,FALSE,FALSE,FALSE,2,1,1,1_1,d88296ac-bb0d-47ab-9051-6c358f0af780,NA
11,126512565,126512565,1,snv_mnv,NA,NA,"broad,dkfz,muse,sanger",4,COSN19312659,NA,NA,FALSE,0.2632,NA,5,14,NA,NA,NA,Intron,FALSE,FALSE,FALSE,FALSE,2,1,1,1_1,d88296ac-bb0d-47ab-9051-6c358f0af780,NA
11,128311814,128311814,1,snv_mnv,NA,NA,"broad,dkfz,muse,sanger",4,COSN19312634,NA,L1ME1,FALSE,0.4286,NA,12,16,NA,NA,NA,IGR,FALSE,FALSE,FALSE,FALSE,2,1,1,1_1,d88296ac-bb0d-47ab-9051-6c358f0af780,NA
11,129434263,129434263,1,snv_mnv,NA,NA,"broad,dkfz,muse",3,COSN19312673,NA,(CTATT)n,FALSE,0.2963,NA,8,19,NA,NA,NA,IGR,FALSE,FALSE,FALSE,FALSE,2,1,1,1_1,d88296ac-bb0d-47ab-9051-6c358f0af780,NA
11,130266862,130266862,1,snv_mnv,NA,NA,"broad,muse",2,COSN19312637,NA,NA,FALSE,0.3333,NA,4,8,NA,NA,NA,IGR,FALSE,FALSE,TRUE,FALSE,2,1,1,1_1,d88296ac-bb0d-47ab-9051-6c358f0af780,AP002986.1
11,132534545,132534545,1,snv_mnv,NA,NA,"broad,dkfz,muse,sanger",4,COSN19312674,NA,NA,FALSE,0.1351,NA,5,32,NA,NA,NA,Intron,FALSE,FALSE,TRUE,FALSE,2,1,1,1_1,d88296ac-bb0d-47ab-9051-6c358f0af780,NA
12,2410551,2410551,1,snv_mnv,NA,NA,"broad,dkfz,muse,sanger",4,COSN19313768,NA,NA,FALSE,0.1538,NA,4,22,NA,NA,NA,Intron,FALSE,FALSE,FALSE,FALSE,2,1,1,1_1,d88296ac-bb0d-47ab-9051-6c358f0af780,NA
12,2840896,2840896,1,snv_mnv,NA,NA,"broad,dkfz,muse,sanger",4,COSN19313802,NA,AluSx,FALSE,0.2581,NA,8,23,NA,NA,NA,IGR,FALSE,FALSE,FALSE,FALSE,2,1,1,1_1,d88296ac-bb0d-47ab-9051-6c358f0af780,AC092471.3
12,5167183,5167183,1,snv_mnv,NA,NA,"broad,sanger",2,COSN19313788,NA,AluJr,FALSE,0.16,NA,4,21,NA,NA,NA,IGR,FALSE,FALSE,FALSE,FALSE,2,1,1,1_1,d88296ac-bb0d-47ab-9051-6c358f0af780,NA
12,5307249,5307249,1,snv_mnv,NA,NA,"broad,dkfz,muse,sanger",4,COSN19313774,NA,NA,FALSE,0.3125,NA,10,22,NA,NA,NA,IGR,FALSE,FALSE,FALSE,FALSE,2,1,1,1_1,d88296ac-bb0d-47ab-9051-6c358f0af780,NA
12,7478855,7478855,1,snv_mnv,NA,NA,"broad,dkfz,muse,sanger",4,COSN19313776,NA,AluJr4,FALSE,0.4688,NA,15,17,NA,NA,NA,Intron,FALSE,FALSE,FALSE,FALSE,2,1,1,1_1,d88296ac-bb0d-47ab-9051-6c358f0af780,NA
12,11560541,11560541,1,snv_mnv,NA,NA,"broad,muse,sanger",3,COSN19313807,NA,HSMAR2,FALSE,0.4848,NA,16,17,NA,NA,NA,Intron,FALSE,FALSE,FALSE,FALSE,2,1,1,1_1,d88296ac-bb0d-47ab-9051-6c358f0af780,NA
12,17403276,17403276,1,snv_mnv,NA,NA,"broad,dkfz,muse,sanger",4,COSN19313827,NA,L1ME1,FALSE,0.4565,NA,21,25,NA,NA,NA,IGR,FALSE,FALSE,FALSE,FALSE,2,1,1,1_1,d88296ac-bb0d-47ab-9051-6c358f0af780,NA
12,17407293,17407293,1,snv_mnv,NA,NA,"broad,dkfz,muse,sanger",4,COSN19313767,NA,NA,FALSE,0.1622,NA,6,31,NA,NA,NA,IGR,FALSE,FALSE,FALSE,FALSE,2,1,1,1_1,d88296ac-bb0d-47ab-9051-6c358f0af780,NA
12,18474264,18474264,1,snv_mnv,NA,NA,"broad,dkfz,muse,sanger",4,COSN19313793,NA,NA,FALSE,0.2703,NA,10,27,NA,NA,NA,Intron,FALSE,FALSE,FALSE,FALSE,2,1,1,1_1,d88296ac-bb0d-47ab-9051-6c358f0af780,RERGL
12,18480409,18480409,1,snv_mnv,NA,NA,"broad,dkfz,muse,sanger",4,COSN19313799,NA,NA,FALSE,0.2857,NA,8,20,NA,NA,NA,Intron,FALSE,FALSE,FALSE,FALSE,2,1,1,1_1,d88296ac-bb0d-47ab-9051-6c358f0af780,NA
12,19377135,19377135,1,snv_mnv,NA,NA,"broad,dkfz,muse,sanger",4,COSN19313820,NA,MER113B,FALSE,0.2941,NA,15,36,NA,NA,NA,Intron,FALSE,FALSE,FALSE,FALSE,2,1,1,1_1,d88296ac-bb0d-47ab-9051-6c358f0af780,NA
12,19763895,19763895,1,snv_mnv,NA,NA,"broad,muse,sanger",3,COSN19313753,NA,L1PA15,FALSE,0.1923,NA,5,21,NA,NA,NA,IGR,FALSE,FALSE,FALSE,FALSE,2,1,1,1_1,d88296ac-bb0d-47ab-9051-6c358f0af780,NA
12,29755353,29755353,1,snv_mnv,NA,NA,"broad,muse,sanger",3,COSN19313819,NA,AluJb,FALSE,0.1333,NA,4,26,NA,NA,NA,Intron,FALSE,FALSE,FALSE,FALSE,2,1,1,1_1,d88296ac-bb0d-47ab-9051-6c358f0af780,NA
12,33776731,33776731,1,snv_mnv,NA,NA,"broad,muse,sanger",3,COSN19313791,NA,AluSx1,FALSE,0.1538,NA,4,22,NA,NA,NA,IGR,FALSE,FALSE,FALSE,FALSE,2,1,1,1_1,d88296ac-bb0d-47ab-9051-6c358f0af780,NA
12,34038880,34038880,1,snv_mnv,NA,NA,"broad,muse,sanger",3,COSN19313808,NA,L1P4,FALSE,0.1515,NA,5,28,NA,NA,NA,IGR,FALSE,FALSE,FALSE,FALSE,2,1,1,1_1,d88296ac-bb0d-47ab-9051-6c358f0af780,NA
12,34393994,34393994,1,snv_mnv,NA,NA,"broad,dkfz,muse,sanger",4,COSN19313829,NA,NA,FALSE,0.439,NA,18,23,NA,NA,NA,IGR,FALSE,FALSE,FALSE,FALSE,2,1,1,1_1,d88296ac-bb0d-47ab-9051-6c358f0af780,NA
12,38233796,38233796,1,snv_mnv,NA,NA,"broad,muse",2,COSN19313815,NA,ALR/Alpha,FALSE,0.5263,NA,20,18,NA,NA,NA,IGR,FALSE,FALSE,FALSE,FALSE,2,1,1,1_1,d88296ac-bb0d-47ab-9051-6c358f0af780,NA
12,39082829,39082829,1,snv_mnv,1.9968e-4,rs558743016,"broad,dkfz,muse,sanger",4,COSN19313789,rs558743016,NA,FALSE,0.175,NA,7,33,NA,NA,NA,Intron,FALSE,FALSE,FALSE,FALSE,2,1,1,1_1,d88296ac-bb0d-47ab-9051-6c358f0af780,CPNE8
12,43807893,43807893,1,snv_mnv,NA,NA,"broad,dkfz,muse,sanger",4,COSN19313771,NA,NA,FALSE,0.1915,NA,9,38,NA,NA,NA,Intron,FALSE,FALSE,FALSE,FALSE,2,1,1,1_1,d88296ac-bb0d-47ab-9051-6c358f0af780,NA
12,49570627,49570627,1,snv_mnv,NA,NA,"broad,dkfz,muse,sanger",4,COSN19313804,NA,NA,FALSE,0.4062,NA,13,19,NA,NA,NA,IGR,FALSE,FALSE,FALSE,FALSE,2,1,1,1_1,d88296ac-bb0d-47ab-9051-6c358f0af780,NA
12,52816137,52816137,1,snv_mnv,1.9968e-4,rs550113360,"dkfz,sanger",2,COSN19313772,rs550113360,NA,FALSE,0.28,NA,7,18,NA,NA,NA,IGR,FALSE,FALSE,FALSE,FALSE,2,1,1,1_1,d88296ac-bb0d-47ab-9051-6c358f0af780,"KRT75,KRT90P"
12,53472212,53472212,1,snv_mnv,NA,NA,"broad,muse,sanger",3,COSN19313769,NA,AluSx3,FALSE,0.1667,NA,4,20,NA,NA,NA,Intron,FALSE,FALSE,FALSE,FALSE,2,1,1,1_1,d88296ac-bb0d-47ab-9051-6c358f0af780,SPRYD3
12,59537767,59537767,1,snv_mnv,NA,NA,"broad,dkfz,muse,sanger",4,COSN19313785,NA,NA,FALSE,0.1304,NA,6,40,NA,NA,NA,IGR,FALSE,FALSE,FALSE,FALSE,2,1,1,1_1,d88296ac-bb0d-47ab-9051-6c358f0af780,NA
12,59588691,59588691,1,snv_mnv,NA,NA,"broad,muse,sanger",3,COSN19313762,NA,THE1B-int,FALSE,0.2,NA,5,20,NA,NA,NA,IGR,FALSE,FALSE,FALSE,FALSE,2,1,1,1_1,d88296ac-bb0d-47ab-9051-6c358f0af780,NA
12,61052545,61052545,1,snv_mnv,NA,NA,"broad,dkfz,muse,sanger",4,COSN19313780,NA,NA,FALSE,0.5357,NA,15,13,NA,NA,NA,IGR,FALSE,FALSE,TRUE,FALSE,2,1,1,1_1,d88296ac-bb0d-47ab-9051-6c358f0af780,NA
12,61135865,61135865,1,snv_mnv,NA,NA,"broad,muse,sanger",3,COSN19313770,NA,AluSx,FALSE,0.2143,NA,6,22,NA,NA,NA,IGR,FALSE,FALSE,TRUE,FALSE,2,1,1,1_1,d88296ac-bb0d-47ab-9051-6c358f0af780,NA
12,61772915,61772915,1,snv_mnv,NA,NA,"broad,dkfz,muse,sanger",4,COSN19313825,NA,NA,FALSE,0.1951,NA,8,33,NA,NA,NA,IGR,FALSE,FALSE,FALSE,FALSE,2,1,1,1_1,d88296ac-bb0d-47ab-9051-6c358f0af780,NA
12,69019618,69019618,1,snv_mnv,NA,NA,"broad,dkfz,muse,sanger",4,COSN19313794,NA,AluSc,FALSE,0.2581,NA,8,23,NA,NA,NA,Intron,FALSE,FALSE,FALSE,FALSE,2,1,1,1_1,d88296ac-bb0d-47ab-9051-6c358f0af780,"RPL10P12,SNORA70G"
12,69595200,69595200,1,snv_mnv,NA,NA,"broad,dkfz,muse,sanger",4,COSN19313777,NA,NA,FALSE,0.4211,NA,16,22,NA,NA,NA,IGR,FALSE,FALSE,FALSE,FALSE,2,1,1,1_1,d88296ac-bb0d-47ab-9051-6c358f0af780,NA
12,72590391,72590391,1,snv_mnv,NA,NA,"broad,dkfz,muse,sanger",4,COSN19313758,NA,L2a,FALSE,0.3409,NA,15,29,NA,NA,NA,IGR,FALSE,FALSE,FALSE,FALSE,2,1,1,1_1,d88296ac-bb0d-47ab-9051-6c358f0af780,NA
12,75091263,75091263,1,snv_mnv,NA,NA,"broad,dkfz,muse,sanger",4,COSN19313755,NA,NA,FALSE,0.1944,NA,7,29,NA,NA,NA,IGR,FALSE,FALSE,FALSE,FALSE,2,1,1,1_1,d88296ac-bb0d-47ab-9051-6c358f0af780,NA
12,75829042,75829042,1,snv_mnv,NA,NA,"broad,dkfz,muse,sanger",4,COSN19313821,NA,L1PA15-16,FALSE,0.4762,NA,20,22,NA,NA,NA,IGR,FALSE,FALSE,FALSE,FALSE,2,1,1,1_1,d88296ac-bb0d-47ab-9051-6c358f0af780,GLIPR1L2
12,76753439,76753439,1,snv_mnv,NA,NA,"broad,dkfz,muse,sanger",4,COSN19313779,NA,THE1A,FALSE,0.1667,NA,7,35,NA,NA,NA,Intron,FALSE,FALSE,FALSE,FALSE,2,1,1,1_1,d88296ac-bb0d-47ab-9051-6c358f0af780,NA
12,78660959,78660959,1,snv_mnv,NA,NA,"broad,dkfz,muse,sanger",4,COSN19313803,NA,NA,FALSE,0.1714,NA,6,29,NA,NA,NA,IGR,FALSE,FALSE,FALSE,FALSE,2,1,1,1_1,d88296ac-bb0d-47ab-9051-6c358f0af780,NA
12,80615512,80615512,1,snv_mnv,NA,NA,"broad,dkfz,muse,sanger",4,COSN19313812,NA,NA,FALSE,0.2,NA,6,24,NA,NA,NA,Intron,FALSE,FALSE,FALSE,FALSE,2,1,1,1_1,d88296ac-bb0d-47ab-9051-6c358f0af780,NA
12,81286159,81286159,1,snv_mnv,NA,NA,"broad,dkfz,muse",3,COSN19313818,NA,NA,FALSE,0.1818,NA,4,18,NA,NA,NA,Intron,FALSE,FALSE,FALSE,FALSE,2,1,1,1_1,d88296ac-bb0d-47ab-9051-6c358f0af780,LIN7A
12,81806909,81806909,1,snv_mnv,NA,NA,"broad,dkfz,muse,sanger",4,COSN19313773,rs746175733,NA,FALSE,0.3611,NA,13,23,NA,NA,NA,Intron,FALSE,FALSE,FALSE,FALSE,2,1,1,1_1,d88296ac-bb0d-47ab-9051-6c358f0af780,AC069228.1
12,81845264,81845264,1,snv_mnv,NA,NA,"broad,dkfz,muse,sanger",4,COSN19313806,NA,NA,FALSE,0.4828,NA,14,15,NA,NA,NA,Intron,FALSE,FALSE,FALSE,FALSE,2,1,1,1_1,d88296ac-bb0d-47ab-9051-6c358f0af780,NA
12,84200383,84200383,1,snv_mnv,NA,NA,"broad,dkfz,muse,sanger",4,COSN19313754,NA,NA,FALSE,0.4286,NA,21,28,NA,NA,NA,IGR,FALSE,FALSE,FALSE,FALSE,2,1,1,1_1,d88296ac-bb0d-47ab-9051-6c358f0af780,NA
12,84251686,84251686,1,snv_mnv,NA,NA,"broad,muse,sanger",3,COSN19313751,NA,L1M2,FALSE,0.1562,NA,5,27,NA,NA,NA,IGR,FALSE,FALSE,FALSE,FALSE,2,1,1,1_1,d88296ac-bb0d-47ab-9051-6c358f0af780,NA
12,85272612,85272612,1,snv_mnv,NA,NA,"broad,dkfz,muse,sanger",4,COSN19313797,NA,NA,FALSE,0.4828,NA,14,15,NA,NA,NA,Intron,FALSE,FALSE,FALSE,FALSE,2,1,1,1_1,d88296ac-bb0d-47ab-9051-6c358f0af780,SLC6A15
12,86009450,86009450,1,snv_mnv,NA,NA,"broad,dkfz,muse,sanger",4,COSN19313814,NA,NA,FALSE,0.1667,NA,7,35,NA,NA,NA,IGR,FALSE,FALSE,FALSE,FALSE,2,1,1,1_1,d88296ac-bb0d-47ab-9051-6c358f0af780,NA
12,86285495,86285495,1,snv_mnv,NA,NA,"broad,dkfz,muse,sanger",4,COSN19313764,NA,NA,FALSE,0.4571,NA,16,19,NA,NA,NA,IGR,FALSE,FALSE,FALSE,FALSE,2,1,1,1_1,d88296ac-bb0d-47ab-9051-6c358f0af780,NA
12,86857896,86857896,1,snv_mnv,NA,NA,"broad,dkfz,muse,sanger",4,COSN19313798,NA,NA,FALSE,0.5758,NA,19,14,NA,NA,NA,Intron,FALSE,FALSE,FALSE,FALSE,2,1,1,1_1,d88296ac-bb0d-47ab-9051-6c358f0af780,NA
12,88054474,88054474,1,snv_mnv,NA,NA,"broad,dkfz,muse,sanger",4,COSN19313813,NA,NA,FALSE,0.3548,NA,11,20,NA,NA,NA,IGR,FALSE,FALSE,FALSE,FALSE,2,1,1,1_1,d88296ac-bb0d-47ab-9051-6c358f0af780,NA
12,89115668,89115668,1,snv_mnv,NA,NA,"broad,dkfz,muse,sanger",4,COSN19313790,NA,L2a,FALSE,0.1622,NA,6,31,NA,NA,NA,IGR,FALSE,FALSE,FALSE,FALSE,2,1,1,1_1,d88296ac-bb0d-47ab-9051-6c358f0af780,NA
12,91224070,91224070,1,snv_mnv,NA,NA,"broad,dkfz,muse,sanger",4,COSN19313782,NA,NA,FALSE,0.5161,NA,16,15,NA,NA,NA,IGR,FALSE,FALSE,FALSE,FALSE,2,1,1,1_1,d88296ac-bb0d-47ab-9051-6c358f0af780,NA
12,92489289,92489289,1,snv_mnv,NA,NA,"broad,dkfz,muse,sanger",4,COSN19313757,NA,NA,FALSE,0.2759,NA,8,21,NA,NA,NA,Intron,FALSE,FALSE,FALSE,FALSE,2,1,1,1_1,d88296ac-bb0d-47ab-9051-6c358f0af780,NA
12,93503483,93503483,1,snv_mnv,NA,NA,"broad,dkfz,muse,sanger",4,COSN19313786,NA,NA,FALSE,0.4839,NA,15,16,NA,NA,NA,lincRNA,FALSE,FALSE,FALSE,FALSE,2,1,1,1_1,d88296ac-bb0d-47ab-9051-6c358f0af780,AC138123.2
12,94486712,94486712,1,snv_mnv,NA,NA,"broad,dkfz,muse,sanger",4,COSN19313765,NA,NA,FALSE,0.2121,NA,7,26,NA,NA,NA,IGR,FALSE,FALSE,FALSE,FALSE,2,1,1,1_1,d88296ac-bb0d-47ab-9051-6c358f0af780,NA
12,94993818,94993818,1,snv_mnv,NA,NA,"broad,dkfz,muse,sanger",4,COSN19313766,NA,NA,FALSE,0.25,NA,6,18,NA,NA,NA,Intron,FALSE,FALSE,FALSE,FALSE,2,1,1,1_1,d88296ac-bb0d-47ab-9051-6c358f0af780,NA
12,98665084,98665084,1,snv_mnv,NA,NA,"broad,dkfz,muse,sanger",4,COSN19313809,NA,L1MA4,FALSE,0.5263,NA,10,9,NA,NA,NA,lincRNA,FALSE,FALSE,FALSE,FALSE,2,1,1,1_1,d88296ac-bb0d-47ab-9051-6c358f0af780,NA
12,99274797,99274797,1,snv_mnv,NA,NA,"broad,dkfz,muse,sanger",4,COSN19313800,NA,AT_rich,FALSE,0.1667,NA,6,30,NA,NA,NA,Intron,FALSE,FALSE,FALSE,FALSE,2,1,1,1_1,d88296ac-bb0d-47ab-9051-6c358f0af780,NA
12,99820379,99820379,1,snv_mnv,NA,NA,"broad,dkfz,muse,sanger",4,COSN19313783,NA,NA,FALSE,0.2273,NA,10,34,NA,NA,NA,Intron,FALSE,FALSE,TRUE,FALSE,2,1,1,1_1,d88296ac-bb0d-47ab-9051-6c358f0af780,NA
12,99905934,99905934,1,snv_mnv,NA,NA,"broad,dkfz,muse,sanger",4,COSN19313760,NA,L1PA11,FALSE,0.2703,NA,10,27,NA,NA,NA,Intron,FALSE,FALSE,TRUE,FALSE,2,1,1,1_1,d88296ac-bb0d-47ab-9051-6c358f0af780,NA
12,101406211,101406211,1,snv_mnv,NA,NA,"broad,muse,sanger",3,COSN19313823,NA,L2a,FALSE,0.1429,NA,4,24,NA,NA,NA,Intron,FALSE,FALSE,FALSE,FALSE,2,1,1,1_1,d88296ac-bb0d-47ab-9051-6c358f0af780,NA
12,103278118,103278118,1,snv_mnv,NA,NA,"broad,dkfz,muse,sanger",4,COSN19313801,NA,NA,FALSE,0.35,NA,7,13,NA,NA,NA,Intron,FALSE,FALSE,FALSE,FALSE,2,1,1,1_1,d88296ac-bb0d-47ab-9051-6c358f0af780,PAH
12,105939959,105939959,1,snv_mnv,NA,NA,"broad,dkfz,muse,sanger",4,COSN19313759,NA,AluSz,FALSE,0.3,NA,9,21,NA,NA,NA,IGR,FALSE,FALSE,FALSE,FALSE,2,1,1,1_1,d88296ac-bb0d-47ab-9051-6c358f0af780,NA
12,105967575,105967575,1,snv_mnv,NA,NA,"broad,dkfz,muse,sanger",4,COSN19313752,NA,NA,FALSE,0.375,NA,6,10,NA,NA,NA,IGR,FALSE,FALSE,FALSE,FALSE,2,1,1,1_1,d88296ac-bb0d-47ab-9051-6c358f0af780,NA
12,106748633,106748633,1,snv_mnv,NA,NA,"broad,dkfz,muse,sanger",4,COSN19313775,NA,MamGypLTR1c,FALSE,0.275,NA,11,29,NA,NA,NA,5'Flank,FALSE,FALSE,FALSE,FALSE,2,1,1,1_1,d88296ac-bb0d-47ab-9051-6c358f0af780,POLR3B
12,114544255,114544255,1,snv_mnv,NA,NA,"broad,dkfz,muse,sanger",4,COSN19313824,NA,MER21A,FALSE,0.3438,NA,11,21,NA,NA,NA,lincRNA,FALSE,FALSE,FALSE,FALSE,2,1,1,1_1,d88296ac-bb0d-47ab-9051-6c358f0af780,GLULP5
12,114850203,114850203,1,snv_mnv,NA,NA,"broad,dkfz,muse,sanger",4,COSN19313778,NA,NA,FALSE,0.1707,NA,7,34,NA,NA,NA,RNA,FALSE,FALSE,FALSE,FALSE,2,1,1,1_1,d88296ac-bb0d-47ab-9051-6c358f0af780,"TBX5-AS1,TBX5"
12,117737925,117737925,1,snv_mnv,NA,NA,"broad,muse,sanger",3,COSN19313810,NA,MamRep4096,FALSE,0.1923,NA,5,21,NA,NA,NA,Intron,FALSE,FALSE,FALSE,FALSE,2,1,1,1_1,d88296ac-bb0d-47ab-9051-6c358f0af780,NA
12,119687539,119687539,1,snv_mnv,NA,NA,"broad,dkfz,muse,sanger",4,COSN19313784,NA,NA,FALSE,0.3871,NA,12,19,NA,NA,NA,RNA,FALSE,FALSE,FALSE,FALSE,2,1,1,1_1,d88296ac-bb0d-47ab-9051-6c358f0af780,NA
12,120069499,120069499,1,snv_mnv,NA,NA,"broad,dkfz,muse,sanger",4,COSN19313828,NA,MIR,FALSE,0.2059,NA,7,27,NA,NA,NA,Intron,FALSE,FALSE,FALSE,FALSE,2,1,1,1_1,d88296ac-bb0d-47ab-9051-6c358f0af780,RN7SKP197
12,120134809,120134809,1,snv_mnv,NA,NA,"broad,dkfz,muse,sanger",4,COSN19313787,NA,L1M5,FALSE,0.4583,NA,11,13,NA,NA,NA,Intron,FALSE,FALSE,FALSE,FALSE,2,1,1,1_1,d88296ac-bb0d-47ab-9051-6c358f0af780,"CIT,AC002563.1"
12,120777350,120777350,1,snv_mnv,NA,NA,"broad,dkfz,muse,sanger",4,COSN19313795,NA,NA,FALSE,0.2727,NA,9,24,NA,NA,NA,IGR,FALSE,FALSE,FALSE,FALSE,2,1,1,1_1,d88296ac-bb0d-47ab-9051-6c358f0af780,MSI1
12,122460756,122460756,1,snv_mnv,NA,NA,"broad,muse",2,COSN19313811,NA,NA,FALSE,0.2353,NA,4,13,NA,NA,NA,Intron,FALSE,FALSE,FALSE,FALSE,2,1,1,1_1,d88296ac-bb0d-47ab-9051-6c358f0af780,AC069503.1
12,126063634,126063634,1,snv_mnv,NA,NA,"broad,dkfz,muse,sanger",4,COSN19313792,NA,L1MB8,FALSE,0.5,NA,14,14,NA,NA,NA,Intron,FALSE,FALSE,FALSE,FALSE,2,1,1,1_1,d88296ac-bb0d-47ab-9051-6c358f0af780,NA
12,127922700,127922700,1,snv_mnv,NA,NA,"broad,dkfz,muse,sanger",4,COSN19313763,NA,L1MD2,FALSE,0.3684,NA,14,24,NA,NA,NA,IGR,FALSE,FALSE,FALSE,FALSE,2,1,1,1_1,d88296ac-bb0d-47ab-9051-6c358f0af780,NA
12,128192345,128192345,1,snv_mnv,NA,NA,"broad,dkfz,muse,sanger",4,COSN19313781,NA,AluJo,FALSE,0.3846,NA,15,24,NA,NA,NA,IGR,FALSE,FALSE,FALSE,FALSE,2,1,1,1_1,d88296ac-bb0d-47ab-9051-6c358f0af780,NA
12,132896056,132896056,1,snv_mnv,NA,NA,"broad,sanger",2,COSN19313817,NA,MLT2B2,FALSE,0.1905,NA,4,17,NA,NA,NA,Intron,FALSE,FALSE,FALSE,FALSE,2,1,1,1_1,d88296ac-bb0d-47ab-9051-6c358f0af780,NA
13,25088093,25088093,1,snv_mnv,NA,NA,"broad,muse,sanger",3,COSN19313314,NA,L1PA16,FALSE,0.2857,NA,12,30,NA,NA,NA,5'Flank,FALSE,FALSE,FALSE,FALSE,2,1,1,1_1,d88296ac-bb0d-47ab-9051-6c358f0af780,PARP4
13,28261223,28261223,1,snv_mnv,NA,NA,"broad,dkfz,muse,sanger",4,COSN19313283,NA,L1M4b,FALSE,0.1905,NA,8,34,NA,NA,NA,IGR,FALSE,FALSE,TRUE,FALSE,2,1,1,1_1,d88296ac-bb0d-47ab-9051-6c358f0af780,NA
13,28672968,28672968,1,snv_mnv,NA,NA,"broad,dkfz,muse,sanger",4,COSN19313275,NA,L1ME3,FALSE,0.6136,NA,27,17,NA,NA,NA,Intron,FALSE,FALSE,FALSE,FALSE,2,1,1,1_1,d88296ac-bb0d-47ab-9051-6c358f0af780,NA
13,31367023,31367023,1,snv_mnv,NA,NA,"broad,dkfz,muse,sanger",4,COSN19313324,NA,NA,FALSE,0.3438,NA,11,21,NA,NA,NA,IGR,FALSE,FALSE,FALSE,FALSE,2,1,1,1_1,d88296ac-bb0d-47ab-9051-6c358f0af780,NA
13,34975991,34975991,1,snv_mnv,NA,NA,"broad,muse,sanger",3,COSN19313295,NA,L1MEg,FALSE,0.125,NA,4,28,NA,NA,NA,lincRNA,FALSE,FALSE,FALSE,FALSE,2,1,1,1_1,d88296ac-bb0d-47ab-9051-6c358f0af780,NA
13,35327052,35327052,1,snv_mnv,NA,NA,"broad,muse,sanger",3,COSN19313266,rs749951837,AluSz,FALSE,0.1818,NA,4,18,NA,NA,NA,IGR,FALSE,FALSE,FALSE,FALSE,2,1,1,1_1,d88296ac-bb0d-47ab-9051-6c358f0af780,NA
13,36694603,36694603,1,snv_mnv,NA,NA,"broad,muse,sanger",3,COSN19313294,NA,Tigger3a,FALSE,0.1613,NA,5,26,NA,NA,NA,Intron,FALSE,FALSE,FALSE,FALSE,2,1,1,1_1,d88296ac-bb0d-47ab-9051-6c358f0af780,NA
13,38435814,38435814,1,snv_mnv,NA,NA,"broad,dkfz,muse,sanger",4,COSN19313274,NA,NA,FALSE,0.2778,NA,10,26,NA,NA,NA,Intron,FALSE,FALSE,FALSE,FALSE,2,1,1,1_1,d88296ac-bb0d-47ab-9051-6c358f0af780,NA
13,43397494,43397494,1,snv_mnv,NA,NA,"broad,dkfz,muse,sanger",4,COSN19313318,NA,L1PA10,FALSE,0.1463,NA,6,35,NA,NA,NA,IGR,FALSE,FALSE,FALSE,FALSE,2,1,1,1_1,d88296ac-bb0d-47ab-9051-6c358f0af780,NA
13,44492413,44492413,1,snv_mnv,NA,NA,"broad,dkfz,muse,sanger",4,COSN19313309,NA,NA,FALSE,0.5,NA,19,19,NA,NA,NA,IGR,FALSE,FALSE,FALSE,FALSE,2,1,1,1_1,d88296ac-bb0d-47ab-9051-6c358f0af780,LINC00284
13,44949043,44949043,1,snv_mnv,NA,NA,"broad,dkfz,muse,sanger",4,COSN19313325,NA,NA,FALSE,0.24,NA,6,19,NA,NA,NA,Intron,FALSE,FALSE,FALSE,FALSE,2,1,1,1_1,d88296ac-bb0d-47ab-9051-6c358f0af780,SERP2
13,48695539,48695539,1,snv_mnv,NA,NA,"broad,dkfz,muse,sanger",4,COSN19313320,NA,MIR,FALSE,0.5,NA,20,20,NA,NA,NA,IGR,FALSE,FALSE,FALSE,FALSE,2,1,1,1_1,d88296ac-bb0d-47ab-9051-6c358f0af780,NA
13,54203627,54203627,1,snv_mnv,NA,NA,"muse,sanger",2,COSN19313327,NA,L1PA13,FALSE,0.35,NA,7,13,NA,NA,NA,IGR,FALSE,FALSE,FALSE,FALSE,2,1,1,1_1,d88296ac-bb0d-47ab-9051-6c358f0af780,NA
13,54764161,54764161,1,snv_mnv,NA,NA,"broad,dkfz,muse,sanger",4,COSN19313296,NA,NA,FALSE,0.1667,NA,4,20,NA,NA,NA,IGR,FALSE,FALSE,FALSE,FALSE,2,1,1,1_1,d88296ac-bb0d-47ab-9051-6c358f0af780,NA
13,55044457,55044457,1,snv_mnv,NA,NA,"broad,dkfz,muse,sanger",4,COSN19313269,NA,NA,FALSE,0.2222,NA,10,35,NA,NA,NA,IGR,FALSE,FALSE,FALSE,FALSE,2,1,1,1_1,d88296ac-bb0d-47ab-9051-6c358f0af780,NA
13,55703537,55703537,1,snv_mnv,NA,NA,"broad,dkfz,muse,sanger",4,COSN19313311,NA,NA,FALSE,0.1556,NA,7,38,NA,NA,NA,IGR,FALSE,FALSE,FALSE,FALSE,2,1,1,1_1,d88296ac-bb0d-47ab-9051-6c358f0af780,RF02271
13,55735325,55735325,1,snv_mnv,NA,NA,"broad,dkfz,muse,sanger",4,COSN19313268,NA,NA,FALSE,0.4815,NA,13,14,NA,NA,NA,IGR,FALSE,FALSE,FALSE,FALSE,2,1,1,1_1,d88296ac-bb0d-47ab-9051-6c358f0af780,NA
13,57365100,57365100,1,snv_mnv,NA,NA,"broad,dkfz,muse,sanger",4,COSN19313288,NA,L1MD1,FALSE,0.2667,NA,8,22,NA,NA,NA,IGR,FALSE,FALSE,FALSE,FALSE,2,1,1,1_1,d88296ac-bb0d-47ab-9051-6c358f0af780,NA
13,57397420,57397420,1,snv_mnv,NA,NA,"broad,dkfz,muse,sanger",4,COSN19313313,NA,NA,FALSE,0.5238,NA,22,20,NA,NA,NA,IGR,FALSE,FALSE,FALSE,FALSE,2,1,1,1_1,d88296ac-bb0d-47ab-9051-6c358f0af780,NA
13,57950123,57950123,1,snv_mnv,NA,NA,"broad,dkfz,muse,sanger",4,COSN19313293,NA,MLT1K,FALSE,0.2258,NA,7,24,NA,NA,NA,IGR,FALSE,FALSE,FALSE,FALSE,2,1,1,1_1,d88296ac-bb0d-47ab-9051-6c358f0af780,NA
13,58269711,58269711,1,snv_mnv,NA,NA,"broad,dkfz,muse,sanger",4,COSN19313271,NA,NA,FALSE,0.2105,NA,8,30,NA,NA,NA,Intron,FALSE,FALSE,FALSE,FALSE,2,1,1,1_1,d88296ac-bb0d-47ab-9051-6c358f0af780,NA
13,59016662,59016662,1,snv_mnv,NA,NA,"broad,dkfz,muse,sanger",4,COSN19313273,NA,NA,FALSE,0.2,NA,8,32,NA,NA,NA,IGR,FALSE,FALSE,FALSE,FALSE,2,1,1,1_1,d88296ac-bb0d-47ab-9051-6c358f0af780,NA
13,60608659,60608659,1,snv_mnv,NA,NA,"broad,dkfz,muse,sanger",4,COSN19313278,NA,7SLRNA,FALSE,0.3095,NA,13,29,NA,NA,NA,Intron,FALSE,FALSE,FALSE,FALSE,2,1,1,1_1,d88296ac-bb0d-47ab-9051-6c358f0af780,NA
13,62532784,62532784,1,snv_mnv,NA,NA,"broad,dkfz,muse,sanger",4,COSN19313317,NA,NA,FALSE,0.3409,NA,15,29,NA,NA,NA,IGR,FALSE,FALSE,FALSE,FALSE,2,1,1,1_1,d88296ac-bb0d-47ab-9051-6c358f0af780,NA
13,63054484,63054484,1,snv_mnv,NA,NA,"broad,dkfz,muse,sanger",4,COSN19313308,NA,Kanga1,FALSE,0.3095,NA,13,29,NA,NA,NA,IGR,FALSE,FALSE,FALSE,FALSE,2,1,1,1_1,d88296ac-bb0d-47ab-9051-6c358f0af780,NA
13,64409290,64409290,1,snv_mnv,NA,NA,"broad,dkfz,muse,sanger",4,COSN19313297,NA,SATR2,FALSE,0.6,NA,9,6,NA,NA,NA,lincRNA,FALSE,FALSE,FALSE,FALSE,2,1,1,1_1,d88296ac-bb0d-47ab-9051-6c358f0af780,OR7E104P
13,65467205,65467205,1,snv_mnv,NA,NA,"broad,dkfz,muse,sanger",4,COSN19313287,NA,NA,FALSE,0.186,NA,8,35,NA,NA,NA,IGR,FALSE,FALSE,FALSE,FALSE,2,1,1,1_1,d88296ac-bb0d-47ab-9051-6c358f0af780,NA
13,65703672,65703672,1,snv_mnv,NA,NA,"broad,dkfz,muse,sanger",4,COSN19313259,NA,L1MA8,FALSE,0.2368,NA,9,29,NA,NA,NA,IGR,FALSE,FALSE,FALSE,FALSE,2,1,1,1_1,d88296ac-bb0d-47ab-9051-6c358f0af780,NA
13,65717749,65717749,1,snv_mnv,NA,NA,"broad,dkfz,muse,sanger",4,COSN19313316,NA,NA,FALSE,0.4762,NA,20,22,NA,NA,NA,IGR,FALSE,FALSE,FALSE,FALSE,2,1,1,1_1,d88296ac-bb0d-47ab-9051-6c358f0af780,NA
13,67150717,67150717,1,snv_mnv,NA,NA,"broad,dkfz,muse,sanger",4,COSN19313258,NA,NA,FALSE,0.4375,NA,14,18,NA,NA,NA,Intron,FALSE,FALSE,FALSE,FALSE,2,1,1,1_1,d88296ac-bb0d-47ab-9051-6c358f0af780,NA
13,67349743,67349743,1,snv_mnv,NA,NA,"broad,muse,sanger",3,COSN19313251,NA,Tigger2a,FALSE,0.1333,NA,4,26,NA,NA,NA,Intron,FALSE,FALSE,FALSE,FALSE,2,1,1,1_1,d88296ac-bb0d-47ab-9051-6c358f0af780,NA
13,68151450,68151450,1,snv_mnv,NA,NA,"broad,dkfz,muse,sanger",4,COSN19313262,NA,NA,FALSE,0.3667,NA,11,19,NA,NA,NA,IGR,FALSE,FALSE,FALSE,FALSE,2,1,1,1_1,d88296ac-bb0d-47ab-9051-6c358f0af780,NA
13,68433203,68433203,1,snv_mnv,NA,NA,"broad,dkfz,muse,sanger",4,COSN19313261,NA,AluSq2,FALSE,0.4857,NA,17,18,NA,NA,NA,IGR,FALSE,FALSE,FALSE,FALSE,2,1,1,1_1,d88296ac-bb0d-47ab-9051-6c358f0af780,NA
13,69662152,69662152,1,snv_mnv,NA,NA,"broad,dkfz,muse,sanger",4,COSN19313254,NA,MLT1A0,FALSE,0.2973,NA,11,26,NA,NA,NA,IGR,FALSE,FALSE,FALSE,FALSE,2,1,1,1_1,d88296ac-bb0d-47ab-9051-6c358f0af780,NA
13,70146368,70146368,1,snv_mnv,NA,NA,"broad,dkfz,muse,sanger",4,COSN19313280,NA,AluSx1,FALSE,0.3333,NA,9,18,NA,NA,NA,IGR,FALSE,FALSE,FALSE,FALSE,2,1,1,1_1,d88296ac-bb0d-47ab-9051-6c358f0af780,NA
13,70208937,70208937,1,snv_mnv,NA,NA,"broad,dkfz,muse,sanger",4,COSN19313276,NA,L1MA3,FALSE,0.1538,NA,6,33,NA,NA,NA,IGR,FALSE,FALSE,TRUE,FALSE,2,1,1,1_1,d88296ac-bb0d-47ab-9051-6c358f0af780,NA
13,70311478,70311478,1,snv_mnv,NA,NA,"broad,muse,sanger",3,COSN19313319,NA,L1PA10,FALSE,0.1667,NA,5,25,NA,NA,NA,Intron,FALSE,FALSE,FALSE,FALSE,2,1,1,1_1,d88296ac-bb0d-47ab-9051-6c358f0af780,NA
13,70728913,70728913,1,snv_mnv,NA,NA,"broad,dkfz,muse,sanger",4,COSN19313267,NA,LTR76,FALSE,0.2,NA,8,32,NA,NA,NA,IGR,FALSE,FALSE,FALSE,FALSE,2,1,1,1_1,d88296ac-bb0d-47ab-9051-6c358f0af780,NA
13,71085148,71085148,1,snv_mnv,NA,NA,"broad,dkfz,muse,sanger",4,COSN19313260,NA,LTR12C,FALSE,0.2188,NA,7,25,NA,NA,NA,IGR,FALSE,FALSE,FALSE,FALSE,2,1,1,1_1,d88296ac-bb0d-47ab-9051-6c358f0af780,NA
13,71088657,71088657,1,snv_mnv,NA,NA,"broad,dkfz,muse,sanger",4,COSN19313264,NA,NA,FALSE,0.1389,NA,5,31,NA,NA,NA,IGR,FALSE,FALSE,FALSE,FALSE,2,1,1,1_1,d88296ac-bb0d-47ab-9051-6c358f0af780,NA
13,71269466,71269466,1,snv_mnv,NA,NA,"broad,dkfz,muse,sanger",4,COSN19313302,NA,NA,FALSE,0.4419,NA,19,24,NA,NA,NA,IGR,FALSE,FALSE,FALSE,FALSE,2,1,1,1_1,d88296ac-bb0d-47ab-9051-6c358f0af780,NA
13,71363309,71363309,1,snv_mnv,NA,NA,"broad,muse",2,COSN19313282,NA,L1MA9,FALSE,0.1316,NA,5,33,NA,NA,NA,IGR,FALSE,FALSE,FALSE,FALSE,2,1,1,1_1,d88296ac-bb0d-47ab-9051-6c358f0af780,NA
13,72132012,72132012,1,snv_mnv,NA,NA,"broad,dkfz,muse,sanger",4,COSN19313315,NA,L1MC4,FALSE,0.25,NA,7,21,NA,NA,NA,Intron,FALSE,FALSE,FALSE,FALSE,2,1,1,1_1,d88296ac-bb0d-47ab-9051-6c358f0af780,NA
13,72369849,72369849,1,snv_mnv,NA,NA,"broad,dkfz,muse,sanger",4,COSN19313289,NA,MIRb,FALSE,0.5128,NA,20,19,NA,NA,NA,Intron,FALSE,FALSE,FALSE,FALSE,2,1,1,1_1,d88296ac-bb0d-47ab-9051-6c358f0af780,NA
13,81687523,81687523,1,snv_mnv,NA,NA,"broad,dkfz,muse,sanger",4,COSN19313265,NA,NA,FALSE,0.5106,NA,24,23,NA,NA,NA,IGR,FALSE,FALSE,FALSE,FALSE,2,1,1,1_1,d88296ac-bb0d-47ab-9051-6c358f0af780,DPPA3P3
13,81869195,81869195,1,snv_mnv,NA,NA,"broad,dkfz,muse,sanger",4,COSN19313326,NA,HAL1,FALSE,0.28,NA,7,18,NA,NA,NA,lincRNA,FALSE,FALSE,FALSE,FALSE,2,1,1,1_1,d88296ac-bb0d-47ab-9051-6c358f0af780,NA
13,82124183,82124183,1,snv_mnv,NA,NA,"broad,dkfz,muse,sanger",4,COSN19313305,NA,MSTA-int,FALSE,0.2162,NA,8,29,NA,NA,NA,IGR,FALSE,FALSE,FALSE,FALSE,2,1,1,1_1,d88296ac-bb0d-47ab-9051-6c358f0af780,NA
13,82335014,82335014,1,snv_mnv,NA,NA,"broad,dkfz,muse,sanger",4,COSN19313250,NA,AluSc8,FALSE,0.4444,NA,16,20,NA,NA,NA,IGR,FALSE,FALSE,FALSE,FALSE,2,1,1,1_1,d88296ac-bb0d-47ab-9051-6c358f0af780,NA
13,82543929,82543929,1,snv_mnv,NA,NA,"broad,dkfz,muse,sanger",4,COSN19313249,NA,NA,FALSE,0.1864,NA,11,48,NA,NA,NA,IGR,FALSE,FALSE,FALSE,FALSE,2,1,1,1_1,d88296ac-bb0d-47ab-9051-6c358f0af780,NA
13,83584707,83584707,1,snv_mnv,NA,NA,"broad,dkfz,muse,sanger",4,COSN19313298,NA,NA,FALSE,0.2308,NA,9,30,NA,NA,NA,IGR,FALSE,FALSE,FALSE,FALSE,2,1,1,1_1,d88296ac-bb0d-47ab-9051-6c358f0af780,NA
13,83731054,83731054,1,snv_mnv,NA,NA,"broad,dkfz,muse,sanger",4,COSN19313310,NA,NA,FALSE,0.1667,NA,6,30,NA,NA,NA,IGR,FALSE,FALSE,FALSE,FALSE,2,1,1,1_1,d88296ac-bb0d-47ab-9051-6c358f0af780,NA
13,83823976,83823976,1,snv_mnv,NA,NA,"broad,dkfz,muse,sanger",4,COSN19313277,NA,L1M1,FALSE,0.5,NA,16,16,NA,NA,NA,IGR,FALSE,FALSE,FALSE,FALSE,2,1,1,1_1,d88296ac-bb0d-47ab-9051-6c358f0af780,NA
13,83860929,83860929,1,snv_mnv,NA,NA,"dkfz,sanger",2,COSN19313322,NA,NA,FALSE,0.2708,NA,13,35,NA,NA,NA,IGR,FALSE,FALSE,FALSE,FALSE,2,1,1,1_1,d88296ac-bb0d-47ab-9051-6c358f0af780,NA
13,84144949,84144949,1,snv_mnv,NA,NA,"broad,dkfz,muse,sanger",4,COSN19313323,NA,NA,FALSE,0.1714,NA,6,29,NA,NA,NA,IGR,FALSE,FALSE,TRUE,FALSE,2,1,1,1_1,d88296ac-bb0d-47ab-9051-6c358f0af780,NA
13,84150156,84150156,1,snv_mnv,NA,NA,"broad,dkfz,muse,sanger",4,COSN19313279,NA,L2a,FALSE,0.3103,NA,9,20,NA,NA,NA,IGR,FALSE,FALSE,FALSE,FALSE,2,1,1,1_1,d88296ac-bb0d-47ab-9051-6c358f0af780,NA
13,84535090,84535090,1,snv_mnv,NA,NA,"broad,muse,sanger",3,COSN19313299,NA,AluSq2,FALSE,0.1923,NA,5,21,NA,NA,NA,IGR,FALSE,FALSE,FALSE,FALSE,2,1,1,1_1,d88296ac-bb0d-47ab-9051-6c358f0af780,NA
13,84545576,84545576,1,snv_mnv,NA,NA,"broad,dkfz,muse,sanger",4,COSN19313256,NA,L1M1,FALSE,0.2,NA,7,28,NA,NA,NA,IGR,FALSE,FALSE,FALSE,FALSE,2,1,1,1_1,d88296ac-bb0d-47ab-9051-6c358f0af780,NA
13,84925556,84925556,1,snv_mnv,NA,NA,"broad,muse,sanger",3,COSN19313284,NA,MER70B,FALSE,0.1429,NA,5,30,NA,NA,NA,IGR,FALSE,FALSE,FALSE,FALSE,2,1,1,1_1,d88296ac-bb0d-47ab-9051-6c358f0af780,NA
13,85307834,85307834,1,snv_mnv,NA,NA,"broad,muse,sanger",3,COSN19313257,NA,L1PB4,FALSE,0.1875,NA,6,26,NA,NA,NA,IGR,FALSE,FALSE,FALSE,FALSE,2,1,1,1_1,d88296ac-bb0d-47ab-9051-6c358f0af780,NA
13,85396988,85396988,1,snv_mnv,NA,NA,"broad,dkfz,muse,sanger",4,COSN19313253,NA,NA,FALSE,0.25,NA,10,30,NA,NA,NA,IGR,FALSE,FALSE,FALSE,FALSE,2,1,1,1_1,d88296ac-bb0d-47ab-9051-6c358f0af780,NA
13,87071773,87071773,1,snv_mnv,NA,NA,"broad,dkfz,muse,sanger",4,COSN19313307,NA,L1MEc,FALSE,0.65,NA,26,14,NA,NA,NA,IGR,FALSE,FALSE,FALSE,FALSE,2,1,1,1_1,d88296ac-bb0d-47ab-9051-6c358f0af780,NA
13,87423218,87423218,1,snv_mnv,NA,NA,"broad,dkfz,muse,sanger",4,COSN19313285,NA,NA,FALSE,0.1613,NA,5,26,NA,NA,NA,IGR,FALSE,FALSE,FALSE,FALSE,2,1,1,1_1,d88296ac-bb0d-47ab-9051-6c358f0af780,NA
13,87987074,87987074,1,snv_mnv,NA,NA,"broad,dkfz,muse,sanger",4,COSN19313306,NA,HERV9-int,FALSE,0.4062,NA,13,19,NA,NA,NA,IGR,FALSE,FALSE,FALSE,FALSE,2,1,1,1_1,d88296ac-bb0d-47ab-9051-6c358f0af780,NA
13,88102411,88102411,1,snv_mnv,NA,NA,"broad,dkfz,muse,sanger",4,COSN19313247,NA,L1MA8,FALSE,0.4412,NA,15,19,NA,NA,NA,lincRNA,FALSE,FALSE,FALSE,FALSE,2,1,1,1_1,d88296ac-bb0d-47ab-9051-6c358f0af780,AL360267.1
13,89151659,89151659,1,snv_mnv,NA,NA,"broad,dkfz,muse,sanger",4,COSN19313270,NA,NA,FALSE,0.1667,NA,5,25,NA,NA,NA,IGR,FALSE,FALSE,FALSE,FALSE,2,1,1,1_1,d88296ac-bb0d-47ab-9051-6c358f0af780,NA
13,90453629,90453629,1,snv_mnv,NA,NA,"broad,dkfz,muse,sanger",4,COSN19313303,NA,L1MB7,FALSE,0.5385,NA,14,12,NA,NA,NA,IGR,FALSE,FALSE,TRUE,FALSE,2,1,1,1_1,d88296ac-bb0d-47ab-9051-6c358f0af780,NA
13,91417490,91417490,1,snv_mnv,NA,NA,"broad,dkfz,muse,sanger",4,COSN19313301,NA,NA,FALSE,0.125,NA,5,35,NA,NA,NA,IGR,FALSE,FALSE,FALSE,FALSE,2,1,1,1_1,d88296ac-bb0d-47ab-9051-6c358f0af780,NA
13,93187087,93187087,1,snv_mnv,NA,NA,"broad,dkfz,muse,sanger",4,COSN19313304,NA,NA,FALSE,0.5957,NA,28,19,NA,NA,NA,Intron,FALSE,FALSE,FALSE,FALSE,2,1,1,1_1,d88296ac-bb0d-47ab-9051-6c358f0af780,NA
13,99424763,99424763,1,snv_mnv,NA,NA,"broad,dkfz,muse,sanger",4,COSN19313248,NA,NA,FALSE,0.2,NA,7,28,NA,NA,NA,IGR,FALSE,FALSE,FALSE,FALSE,2,1,1,1_1,d88296ac-bb0d-47ab-9051-6c358f0af780,NA
13,102727532,102727532,1,snv_mnv,NA,NA,"broad,dkfz,muse,sanger",4,COSN19313291,NA,L1MA8,FALSE,0.3,NA,12,28,NA,NA,NA,Intron,FALSE,FALSE,FALSE,FALSE,2,1,1,1_1,d88296ac-bb0d-47ab-9051-6c358f0af780,NA
13,103574525,103574525,1,snv_mnv,NA,NA,"broad,muse,sanger",3,COSN19313321,NA,L2,FALSE,0.1562,NA,5,27,NA,NA,NA,IGR,FALSE,FALSE,FALSE,FALSE,2,1,1,1_1,d88296ac-bb0d-47ab-9051-6c358f0af780,NA
13,108123943,108123943,1,snv_mnv,NA,NA,"broad,dkfz,muse,sanger",4,COSN19313263,NA,NA,FALSE,0.2105,NA,8,30,NA,NA,NA,Intron,FALSE,FALSE,TRUE,FALSE,2,1,1,1_1,d88296ac-bb0d-47ab-9051-6c358f0af780,AL445649.1
13,112145761,112145761,1,snv_mnv,NA,NA,"broad,dkfz,muse,sanger",4,COSN19313252,NA,NA,FALSE,0.4231,NA,11,15,NA,NA,NA,IGR,FALSE,FALSE,FALSE,FALSE,2,1,1,1_1,d88296ac-bb0d-47ab-9051-6c358f0af780,NA
13,113066233,113066233,1,snv_mnv,NA,NA,"broad,muse,sanger",3,COSN19313286,NA,L1MA4,FALSE,0.1818,NA,6,27,NA,NA,NA,Intron,FALSE,FALSE,TRUE,FALSE,2,1,1,1_1,d88296ac-bb0d-47ab-9051-6c358f0af780,NA
14,20246044,20246044,1,snv_mnv,NA,NA,"broad,muse,sanger",3,COSN19313906,NA,NA,FALSE,0.1579,NA,6,32,NA,NA,NA,5'Flank,FALSE,FALSE,FALSE,FALSE,2,1,1,1_1,d88296ac-bb0d-47ab-9051-6c358f0af780,OR4M1
14,26002043,26002043,1,snv_mnv,NA,NA,"broad,dkfz,muse,sanger",4,COSN19313907,NA,THE1C-int,FALSE,0.5806,NA,18,13,NA,NA,NA,IGR,FALSE,FALSE,FALSE,FALSE,2,1,1,1_1,d88296ac-bb0d-47ab-9051-6c358f0af780,NA
14,26611774,26611774,1,snv_mnv,NA,NA,"broad,dkfz,muse,sanger",4,COSN19313919,NA,MIR,FALSE,0.2162,NA,8,29,NA,NA,NA,lincRNA,FALSE,FALSE,TRUE,FALSE,2,1,1,1_1,d88296ac-bb0d-47ab-9051-6c358f0af780,NA
14,27814315,27814315,1,snv_mnv,NA,NA,"broad,dkfz,muse,sanger",4,COSN19313895,NA,NA,FALSE,0.1892,NA,7,30,NA,NA,NA,RNA,FALSE,FALSE,FALSE,FALSE,2,1,1,1_1,d88296ac-bb0d-47ab-9051-6c358f0af780,NA
14,28048182,28048182,1,snv_mnv,NA,NA,"broad,dkfz,muse,sanger",4,COSN19313863,NA,L1PA16,FALSE,0.6047,NA,26,17,NA,NA,NA,RNA,FALSE,FALSE,FALSE,FALSE,2,1,1,1_1,d88296ac-bb0d-47ab-9051-6c358f0af780,NA
14,28118111,28118111,1,snv_mnv,NA,NA,"broad,dkfz,muse,sanger",4,COSN19313913,NA,L1PA8,FALSE,0.2059,NA,7,27,NA,NA,NA,RNA,FALSE,FALSE,FALSE,FALSE,2,1,1,1_1,d88296ac-bb0d-47ab-9051-6c358f0af780,NA
14,29304018,29304018,1,snv_mnv,NA,NA,"broad,dkfz,muse,sanger",4,COSN19313931,NA,L3,FALSE,0.2667,NA,8,22,NA,NA,NA,lincRNA,FALSE,FALSE,FALSE,FALSE,2,1,1,1_1,d88296ac-bb0d-47ab-9051-6c358f0af780,LINC02281
14,30950363,30950363,1,snv_mnv,NA,NA,"broad,muse,sanger",3,COSN19313918,NA,LTR8,FALSE,0.2,NA,5,20,NA,NA,NA,RNA,FALSE,FALSE,FALSE,FALSE,2,1,1,1_1,d88296ac-bb0d-47ab-9051-6c358f0af780,NA
14,32640269,32640269,1,snv_mnv,NA,NA,"broad,muse",2,COSN8828019,NA,AluSq2,FALSE,0.0435,NA,1,22,NA,NA,NA,IGR,FALSE,FALSE,FALSE,FALSE,2,1,1,1_1,d88296ac-bb0d-47ab-9051-6c358f0af780,NA
14,34775991,34775991,1,snv_mnv,NA,NA,"broad,dkfz,muse",3,COSN19313883,NA,NA,FALSE,0.1379,NA,4,25,NA,NA,NA,IGR,FALSE,FALSE,FALSE,FALSE,2,1,1,1_1,d88296ac-bb0d-47ab-9051-6c358f0af780,NA
14,38890640,38890640,1,snv_mnv,NA,NA,"broad,dkfz,muse,sanger",4,COSN19313912,NA,AT_rich,FALSE,0.4865,NA,18,19,NA,NA,NA,IGR,FALSE,FALSE,FALSE,FALSE,2,1,1,1_1,d88296ac-bb0d-47ab-9051-6c358f0af780,NA
14,40517584,40517584,1,snv_mnv,NA,NA,"broad,dkfz,muse,sanger",4,COSN19313910,NA,NA,FALSE,0.2432,NA,9,28,NA,NA,NA,IGR,FALSE,FALSE,FALSE,FALSE,2,1,1,1_1,d88296ac-bb0d-47ab-9051-6c358f0af780,NA
14,42302947,42302947,1,snv_mnv,NA,NA,"broad,dkfz,muse,sanger",4,COSN19313901,NA,NA,FALSE,0.225,NA,9,31,NA,NA,NA,Intron,FALSE,FALSE,FALSE,FALSE,2,1,1,1_1,d88296ac-bb0d-47ab-9051-6c358f0af780,NA
14,44076486,44076486,1,snv_mnv,NA,NA,"broad,dkfz,muse,sanger",4,COSN19313903,NA,NA,FALSE,0.3158,NA,12,26,NA,NA,NA,IGR,FALSE,FALSE,FALSE,FALSE,2,1,1,1_1,d88296ac-bb0d-47ab-9051-6c358f0af780,NA
14,46271491,46271491,1,snv_mnv,NA,NA,"broad,muse,sanger",3,COSN19313891,NA,MLT1D,FALSE,0.2727,NA,6,16,NA,NA,NA,IGR,FALSE,FALSE,FALSE,FALSE,2,1,1,1_1,d88296ac-bb0d-47ab-9051-6c358f0af780,NA
14,48141514,48141514,1,snv_mnv,NA,NA,"broad,dkfz,muse,sanger",4,COSN19313890,NA,NA,FALSE,0.4643,NA,13,15,NA,NA,NA,Intron,FALSE,FALSE,FALSE,FALSE,2,1,1,1_1,d88296ac-bb0d-47ab-9051-6c358f0af780,NA
14,48205495,48205495,1,snv_mnv,NA,NA,"broad,muse,sanger",3,COSN14461947,NA,L1M5,FALSE,0.119,NA,5,37,NA,NA,NA,IGR,FALSE,FALSE,FALSE,FALSE,2,1,1,1_1,d88296ac-bb0d-47ab-9051-6c358f0af780,NA
14,50820648,50820648,1,snv_mnv,NA,NA,"broad,dkfz,muse,sanger",4,COSN19313926,NA,NA,FALSE,0.5484,NA,17,14,NA,NA,NA,Intron,FALSE,FALSE,FALSE,FALSE,2,1,1,1_1,d88296ac-bb0d-47ab-9051-6c358f0af780,CDKL1
14,52810812,52810812,1,snv_mnv,NA,NA,"broad,dkfz,muse,sanger",4,COSN19313920,NA,L1M5,FALSE,0.3404,NA,16,31,NA,NA,NA,IGR,FALSE,FALSE,FALSE,FALSE,2,1,1,1_1,d88296ac-bb0d-47ab-9051-6c358f0af780,NA
14,57499466,57499466,1,snv_mnv,NA,NA,"broad,muse,sanger",3,COSN19313921,NA,AluSx1,FALSE,0.1613,NA,5,26,NA,NA,NA,RNA,FALSE,FALSE,FALSE,FALSE,2,1,1,1_1,d88296ac-bb0d-47ab-9051-6c358f0af780,NA
14,59486135,59486135,1,snv_mnv,NA,NA,"broad,dkfz,muse,sanger",4,COSN19313923,rs573407115,L1MA9,FALSE,0.3415,NA,14,27,NA,NA,NA,IGR,FALSE,FALSE,FALSE,FALSE,2,1,1,1_1,d88296ac-bb0d-47ab-9051-6c358f0af780,LINC01500
14,62966442,62966442,1,snv_mnv,NA,NA,"broad,dkfz,muse,sanger",4,COSN19313865,NA,NA,FALSE,0.359,NA,14,25,NA,NA,NA,IGR,FALSE,FALSE,TRUE,TRUE,2,1,1,1_1,d88296ac-bb0d-47ab-9051-6c358f0af780,NA
14,63285613,63285613,1,snv_mnv,NA,NA,"broad,dkfz,muse,sanger",4,COSN19313874,NA,L1MB7,FALSE,0.2571,NA,9,26,NA,NA,NA,Intron,FALSE,FALSE,FALSE,FALSE,2,1,1,1_1,d88296ac-bb0d-47ab-9051-6c358f0af780,NA
14,64217369,64217369,1,snv_mnv,NA,NA,"broad,dkfz,muse,sanger",4,COSN19313878,NA,NA,FALSE,0.4545,NA,15,18,NA,NA,NA,IGR,FALSE,FALSE,FALSE,FALSE,2,1,1,1_1,d88296ac-bb0d-47ab-9051-6c358f0af780,NA
14,65083807,65083807,1,snv_mnv,NA,NA,"broad,dkfz,muse,sanger",4,COSN19313924,NA,L1MEc,FALSE,0.2581,NA,8,23,NA,NA,NA,IGR,FALSE,FALSE,FALSE,FALSE,2,1,1,1_1,d88296ac-bb0d-47ab-9051-6c358f0af780,NA
14,66641974,66641974,1,snv_mnv,NA,NA,"broad,dkfz,muse,sanger",4,COSN19313927,NA,NA,FALSE,0.2581,NA,8,23,NA,NA,NA,RNA,FALSE,FALSE,FALSE,FALSE,2,1,1,1_1,d88296ac-bb0d-47ab-9051-6c358f0af780,RF00019
14,68775638,68775638,1,snv_mnv,NA,NA,"broad,dkfz,muse,sanger",4,COSN19313884,NA,NA,FALSE,0.1667,NA,6,30,NA,NA,NA,Intron,FALSE,FALSE,FALSE,FALSE,2,1,1,1_1,d88296ac-bb0d-47ab-9051-6c358f0af780,NA
14,70828048,70828048,1,snv_mnv,NA,NA,"broad,dkfz,muse,sanger",4,COSN19313896,NA,AluJb,FALSE,0.1667,NA,6,30,NA,NA,NA,5'Flank,FALSE,FALSE,FALSE,FALSE,2,1,1,1_1,d88296ac-bb0d-47ab-9051-6c358f0af780,"COX16,RNU2-51P"
14,70880017,70880017,1,snv_mnv,NA,NA,"broad,dkfz,muse,sanger",4,COSN19313871,NA,NA,FALSE,0.375,NA,12,20,NA,NA,NA,Intron,FALSE,FALSE,FALSE,FALSE,2,1,1,1_1,d88296ac-bb0d-47ab-9051-6c358f0af780,NA
14,77435523,77435523,1,snv_mnv,NA,NA,"broad,dkfz,muse",3,COSN19313914,NA,NA,FALSE,0.1935,NA,6,25,NA,NA,NA,RNA,FALSE,FALSE,FALSE,FALSE,2,1,1,1_1,d88296ac-bb0d-47ab-9051-6c358f0af780,"AC007686.1,LINC01629,RN7SL356P"
14,79343705,79343705,1,snv_mnv,7.9872e-4,rs563121587,"broad,dkfz,muse,sanger",4,COSN19313866,rs563121587,L2b,FALSE,0.5333,NA,16,14,NA,NA,NA,Intron,FALSE,FALSE,FALSE,FALSE,2,1,1,1_1,d88296ac-bb0d-47ab-9051-6c358f0af780,NA
14,82720595,82720595,1,snv_mnv,3.9936e-4,rs565052445,"broad,dkfz,muse,sanger",4,COSN19313898,rs565052445,NA,FALSE,0.4194,NA,13,18,NA,NA,NA,IGR,FALSE,FALSE,FALSE,FALSE,2,1,1,1_1,d88296ac-bb0d-47ab-9051-6c358f0af780,NA
14,82742398,82742398,1,snv_mnv,NA,NA,"broad,dkfz,muse,sanger",4,COSN19313917,NA,NA,FALSE,0.2,NA,6,24,NA,NA,NA,IGR,FALSE,FALSE,FALSE,FALSE,2,1,1,1_1,d88296ac-bb0d-47ab-9051-6c358f0af780,NA
14,82961867,82961867,1,snv_mnv,NA,NA,"broad,dkfz,muse,sanger",4,COSN19313915,NA,NA,FALSE,0.3939,NA,13,20,NA,NA,NA,IGR,FALSE,FALSE,FALSE,FALSE,2,1,1,1_1,d88296ac-bb0d-47ab-9051-6c358f0af780,NA
14,83822952,83822952,1,snv_mnv,NA,NA,"broad,dkfz,muse,sanger",4,COSN19313916,NA,MIRb,FALSE,0.3333,NA,10,20,NA,NA,NA,IGR,FALSE,FALSE,FALSE,FALSE,2,1,1,1_1,d88296ac-bb0d-47ab-9051-6c358f0af780,NA
14,83940612,83940612,1,snv_mnv,NA,NA,"broad,dkfz,muse,sanger",4,COSN19313886,NA,NA,FALSE,0.2069,NA,6,23,NA,NA,NA,IGR,FALSE,FALSE,TRUE,FALSE,2,1,1,1_1,d88296ac-bb0d-47ab-9051-6c358f0af780,NA
14,84418787,84418787,1,snv_mnv,NA,NA,"broad,dkfz,muse,sanger",4,COSN19313932,NA,L1MA4A,FALSE,0.5769,NA,15,11,NA,NA,NA,IGR,FALSE,FALSE,FALSE,FALSE,2,1,1,1_1,d88296ac-bb0d-47ab-9051-6c358f0af780,NA
14,84878932,84878932,1,snv_mnv,NA,NA,"broad,dkfz,muse,sanger",4,COSN19313870,NA,L1MA5,FALSE,0.3611,NA,13,23,NA,NA,NA,IGR,FALSE,FALSE,TRUE,FALSE,2,1,1,1_1,d88296ac-bb0d-47ab-9051-6c358f0af780,NA
14,86168054,86168054,1,snv_mnv,NA,NA,"broad,dkfz,muse,sanger",4,COSN19313911,NA,NA,FALSE,0.3158,NA,12,26,NA,NA,NA,IGR,FALSE,FALSE,TRUE,FALSE,2,1,1,1_1,d88296ac-bb0d-47ab-9051-6c358f0af780,NA
14,87409300,87409300,1,snv_mnv,NA,NA,"broad,dkfz,muse,sanger",4,COSN19313875,NA,NA,FALSE,0.1951,NA,8,33,NA,NA,NA,lincRNA,FALSE,FALSE,FALSE,FALSE,2,1,1,1_1,d88296ac-bb0d-47ab-9051-6c358f0af780,NA
14,90851550,90851550,1,snv_mnv,NA,NA,"muse,sanger",2,COSN19313873,NA,AluSx,FALSE,0.2083,NA,5,19,NA,NA,NA,IGR,FALSE,FALSE,FALSE,FALSE,2,1,1,1_1,d88296ac-bb0d-47ab-9051-6c358f0af780,NA
14,100295106,100295106,1,snv_mnv,NA,NA,"broad,muse,sanger",3,COSN19313872,NA,Tigger2a,FALSE,0.15,NA,6,34,NA,NA,NA,Intron,FALSE,FALSE,FALSE,FALSE,2,1,1,1_1,d88296ac-bb0d-47ab-9051-6c358f0af780,NA
14,102108257,102108257,1,snv_mnv,NA,NA,"broad,dkfz,muse,sanger",4,COSN19313902,NA,L1MB7,FALSE,0.5,NA,17,17,NA,NA,NA,lincRNA,FALSE,FALSE,FALSE,FALSE,2,1,1,1_1,d88296ac-bb0d-47ab-9051-6c358f0af780,NA
14,106325304,106325304,1,snv_mnv,NA,NA,"broad,dkfz,muse",3,COSN19297743,NA,(CAGCT)n,FALSE,0.4,NA,8,12,NA,NA,NA,RNA,FALSE,FALSE,FALSE,FALSE,2,1,1,1_1,d88296ac-bb0d-47ab-9051-6c358f0af780,"IGHJ5,IGHJ3P,IGHM,MIR4507,MIR4538,MIR4537,IGHJ6"
14,106326470,106326470,1,snv_mnv,NA,NA,"dkfz,muse",2,COSN19313922,NA,(CAGCC)n,FALSE,0.5625,NA,9,7,NA,NA,NA,RNA,FALSE,FALSE,FALSE,FALSE,2,1,1,1_1,d88296ac-bb0d-47ab-9051-6c358f0af780,"MIR4539,MIR4538,IGHJ3,MIR4537,MIR4507"
14,106326841,106326841,1,snv_mnv,NA,NA,"broad,dkfz,muse,sanger",4,COSN19157332,rs183660961,NA,FALSE,0.4,NA,10,15,NA,NA,NA,RNA,FALSE,FALSE,FALSE,FALSE,2,1,1,1_1,d88296ac-bb0d-47ab-9051-6c358f0af780,NA
14,106327357,106327357,1,snv_mnv,NA,NA,"broad,dkfz,muse,sanger",4,COSN19312586,NA,NA,FALSE,0.5938,NA,19,13,NA,NA,NA,RNA,FALSE,FALSE,FALSE,FALSE,2,1,1,1_1,d88296ac-bb0d-47ab-9051-6c358f0af780,NA
14,106327953,106327953,1,snv_mnv,NA,NA,"broad,dkfz,muse,sanger",4,COSN19313928,NA,NA,FALSE,0.4444,NA,12,15,NA,NA,NA,RNA,FALSE,FALSE,TRUE,FALSE,2,1,1,1_1,d88296ac-bb0d-47ab-9051-6c358f0af780,NA
14,106328030,106328030,1,snv_mnv,NA,NA,"broad,dkfz,muse,sanger",4,COSN19093749,rs118083005,NA,FALSE,0.3548,NA,11,20,NA,NA,NA,RNA,FALSE,FALSE,FALSE,FALSE,2,1,1,1_1,d88296ac-bb0d-47ab-9051-6c358f0af780,"IGHJ5,IGHJ2P,IGHJ1,IGHJ2,IGHJ6,IGHJ1P,IGHJ3P,IGHJ4"
14,106328961,106328961,1,snv_mnv,NA,NA,"broad,dkfz,muse,sanger",4,COSN19313867,NA,NA,FALSE,0.2105,NA,4,15,NA,NA,NA,RNA,FALSE,FALSE,FALSE,FALSE,2,1,1,1_1,d88296ac-bb0d-47ab-9051-6c358f0af780,NA
14,106329152,106329152,1,snv_mnv,NA,NA,"dkfz,muse",2,COSN19313869,NA,NA,FALSE,0.2188,NA,7,25,NA,NA,NA,RNA,FALSE,FALSE,FALSE,FALSE,2,1,1,1_1,d88296ac-bb0d-47ab-9051-6c358f0af780,NA
14,106329476,106329476,1,snv_mnv,NA,NA,"dkfz,muse,sanger",3,COSN19313879,NA,NA,FALSE,0.4545,NA,5,6,NA,NA,NA,RNA,FALSE,FALSE,FALSE,FALSE,2,1,1,1_1,d88296ac-bb0d-47ab-9051-6c358f0af780,"IGHJ2,IGHJ3P,IGHJ2P,IGHJ1,IGHJ4,IGHJ5,IGHJ6"
14,106329684,106329684,1,snv_mnv,NA,NA,"broad,dkfz,muse,sanger",4,COSN19313864,NA,NA,FALSE,0.1667,NA,3,15,NA,NA,NA,RNA,FALSE,FALSE,FALSE,FALSE,2,1,1,1_1,d88296ac-bb0d-47ab-9051-6c358f0af780,"IGHJ1P,MIR4537,IGHJ2,IGHD7-27,IGHJ1,IGHJ5,IGHJ6,IGHJ4,IGHJ2P,IGHJ3P,IGHJ3"
14,106329872,106329872,1,snv_mnv,NA,NA,"dkfz,sanger",2,COSN19151662,NA,NA,FALSE,NA,NA,NA,NA,NA,NA,NA,RNA,FALSE,FALSE,FALSE,FALSE,2,1,1,1_1,d88296ac-bb0d-47ab-9051-6c358f0af780,NA
14,106329883,106329883,1,snv_mnv,NA,NA,"dkfz,sanger",2,COSN19313905,NA,NA,FALSE,NA,NA,NA,NA,NA,NA,NA,RNA,FALSE,FALSE,FALSE,FALSE,2,1,1,1_1,d88296ac-bb0d-47ab-9051-6c358f0af780,IGHD7-27
14,106329885,106329885,1,snv_mnv,NA,NA,"dkfz,sanger",2,COSN19313889,NA,NA,FALSE,NA,NA,NA,NA,NA,NA,NA,RNA,FALSE,FALSE,FALSE,FALSE,2,1,1,1_1,d88296ac-bb0d-47ab-9051-6c358f0af780,"IGHJ1P,IGHJ6,IGHJ3,MIR4537,IGHD7-27,IGHJ1,IGHJ4,IGHJ3P,IGHJ2,IGHJ5,IGHJ2P"
14,106329939,106329939,1,snv_mnv,NA,NA,"broad,dkfz,muse,sanger",4,COSN19313876,NA,NA,FALSE,0.1765,NA,3,14,NA,NA,NA,RNA,FALSE,FALSE,FALSE,FALSE,2,1,1,1_1,d88296ac-bb0d-47ab-9051-6c358f0af780,"IGHJ1,IGHJ2P,IGHJ1P,IGHJ5,IGHJ3P,IGHJ2,IGHJ4,IGHJ6"
14,106329969,106329969,1,snv_mnv,NA,NA,"broad,dkfz,muse,sanger",4,COSN19313882,NA,NA,FALSE,0.2174,NA,5,18,NA,NA,NA,RNA,FALSE,FALSE,FALSE,FALSE,2,1,1,1_1,d88296ac-bb0d-47ab-9051-6c358f0af780,"IGHJ5,IGHJ1P,IGHJ6,IGHJ2,IGHJ2P,IGHJ4,IGHJ1,IGHJ3P"
14,106330079,106330079,1,snv_mnv,NA,NA,"dkfz,muse,sanger",3,COSN19007335,rs372124885,NA,FALSE,0.9,NA,9,1,NA,NA,NA,RNA,FALSE,FALSE,FALSE,FALSE,2,1,1,1_1,d88296ac-bb0d-47ab-9051-6c358f0af780,NA
14,106330109,106330109,1,snv_mnv,NA,NA,"broad,dkfz,muse,sanger",4,COSN4755209,rs369882609,NA,FALSE,0.1538,NA,2,11,NA,NA,NA,RNA,FALSE,FALSE,FALSE,FALSE,2,1,1,1_1,d88296ac-bb0d-47ab-9051-6c358f0af780,NA
14,106330204,106330204,1,snv_mnv,NA,NA,"broad,dkfz,muse,sanger",4,COSN19313897,NA,NA,FALSE,0.9167,NA,11,1,NA,NA,NA,RNA,FALSE,FALSE,FALSE,FALSE,2,1,1,1_1,d88296ac-bb0d-47ab-9051-6c358f0af780,"IGHJ3,IGHD7-27"
14,106330298,106330298,1,snv_mnv,NA,NA,"dkfz,sanger",2,COSN4755227,NA,NA,FALSE,0.5,NA,2,2,NA,NA,NA,RNA,FALSE,FALSE,FALSE,FALSE,2,1,1,1_1,d88296ac-bb0d-47ab-9051-6c358f0af780,NA
14,106370082,106370082,1,snv_mnv,NA,NA,"broad,dkfz,muse,sanger",4,COSN19313908,NA,NA,FALSE,0.9375,NA,15,1,NA,NA,NA,RNA,FALSE,FALSE,FALSE,FALSE,2,1,1,1_1,d88296ac-bb0d-47ab-9051-6c358f0af780,"IGHD6-13,IGHD5-12,IGHD3-9,IGHD2-8,IGHD1-14,IGHD3-10,IGHD4-11"
14,106375198,106375198,1,snv_mnv,NA,NA,"broad,dkfz,muse",3,COSN19313899,NA,NA,FALSE,0.3,NA,3,7,NA,NA,NA,RNA,FALSE,FALSE,FALSE,FALSE,2,1,1,1_1,d88296ac-bb0d-47ab-9051-6c358f0af780,"IGHD5-5,IGHD3-9,IGHD3-10,IGHD6-6,IGHD4-4,IGHD2-8,IGHD1-7"
15,23884601,23884601,1,snv_mnv,NA,NA,"broad,dkfz,muse,sanger",4,COSN19313941,NA,NA,FALSE,0.2059,NA,7,27,NA,NA,NA,IGR,FALSE,FALSE,FALSE,FALSE,2,1,1,1_1,d88296ac-bb0d-47ab-9051-6c358f0af780,MAGEL2
15,24049359,24049359,1,snv_mnv,NA,NA,"broad,dkfz,muse,sanger",4,COSN19313946,NA,NA,FALSE,0.2647,NA,9,25,NA,NA,NA,IGR,FALSE,FALSE,FALSE,FALSE,2,1,1,1_1,d88296ac-bb0d-47ab-9051-6c358f0af780,NA
15,24655623,24655623,1,snv_mnv,NA,NA,"broad,muse,sanger",3,COSN19313938,NA,MER101-int,FALSE,0.2258,NA,7,24,NA,NA,NA,IGR,FALSE,FALSE,FALSE,FALSE,2,1,1,1_1,d88296ac-bb0d-47ab-9051-6c358f0af780,NA
15,26557168,26557168,1,snv_mnv,NA,NA,"broad,dkfz,muse,sanger",4,COSN19313945,NA,NA,FALSE,0.1373,NA,7,44,NA,NA,NA,IGR,FALSE,FALSE,FALSE,FALSE,2,1,1,1_1,d88296ac-bb0d-47ab-9051-6c358f0af780,NA
15,27965917,27965917,1,snv_mnv,NA,NA,"broad,muse,sanger",3,COSN19313967,NA,L1MA10,FALSE,0.1389,NA,5,31,NA,NA,NA,IGR,FALSE,FALSE,FALSE,FALSE,2,1,1,1_1,d88296ac-bb0d-47ab-9051-6c358f0af780,NA
15,30004213,30004213,1,snv_mnv,NA,NA,"broad,dkfz,muse,sanger",4,COSN19313970,NA,NA,FALSE,0.186,NA,8,35,NA,NA,NA,Intron,FALSE,FALSE,FALSE,FALSE,2,1,1,1_1,d88296ac-bb0d-47ab-9051-6c358f0af780,TJP1
15,33572302,33572302,1,snv_mnv,NA,NA,"broad,dkfz,muse,sanger",4,COSN19313940,NA,MLT1L,FALSE,0.2353,NA,8,26,NA,NA,NA,IGR,FALSE,FALSE,FALSE,FALSE,2,1,1,1_1,d88296ac-bb0d-47ab-9051-6c358f0af780,NA
15,34102101,34102101,1,snv_mnv,NA,NA,"broad,dkfz,muse,sanger",4,COSN19313952,NA,NA,FALSE,0.1875,NA,6,26,NA,NA,NA,Intron,FALSE,FALSE,FALSE,FALSE,2,1,1,1_1,d88296ac-bb0d-47ab-9051-6c358f0af780,RYR3
15,34347192,34347192,1,snv_mnv,NA,NA,"broad,muse,sanger",3,COSN19313957,rs772339445,AluSp,FALSE,0.4194,NA,13,18,NA,NA,NA,Intron,FALSE,FALSE,FALSE,FALSE,2,1,1,1_1,d88296ac-bb0d-47ab-9051-6c358f0af780,NA
15,34763028,34763028,1,snv_mnv,NA,NA,"broad,muse,sanger",3,COSN19313955,NA,NA,FALSE,0.1579,NA,3,16,NA,NA,NA,Intron,FALSE,FALSE,TRUE,FALSE,2,1,1,1_1,d88296ac-bb0d-47ab-9051-6c358f0af780,NA
15,35514740,35514740,1,snv_mnv,NA,NA,"broad,dkfz,muse,sanger",4,COSN19313977,NA,MER4A,FALSE,0.6176,NA,21,13,NA,NA,NA,Intron,FALSE,FALSE,FALSE,FALSE,2,1,1,1_1,d88296ac-bb0d-47ab-9051-6c358f0af780,NA
15,37529289,37529289,1,snv_mnv,NA,NA,"broad,dkfz,muse",3,COSN19313969,NA,HERVH-int,FALSE,0.1875,NA,6,26,NA,NA,NA,IGR,FALSE,FALSE,FALSE,FALSE,2,1,1,1_1,d88296ac-bb0d-47ab-9051-6c358f0af780,NA
15,38191343,38191343,1,snv_mnv,NA,NA,"dkfz,muse,sanger",3,COSN19313959,NA,NA,FALSE,0.1892,NA,7,30,NA,NA,NA,IGR,FALSE,FALSE,FALSE,FALSE,2,1,1,1_1,d88296ac-bb0d-47ab-9051-6c358f0af780,NA
15,39920368,39920368,1,snv_mnv,NA,NA,"broad,dkfz,muse,sanger",4,COSN19313968,NA,NA,FALSE,0.2917,NA,7,17,NA,NA,NA,Intron,FALSE,FALSE,FALSE,FALSE,2,1,1,1_1,d88296ac-bb0d-47ab-9051-6c358f0af780,NA
15,39928910,39928910,1,snv_mnv,NA,NA,"broad,dkfz,muse,sanger",4,COSN19313974,NA,ERVL-E-int,FALSE,0.2333,NA,7,23,NA,NA,NA,Intron,FALSE,FALSE,FALSE,FALSE,2,1,1,1_1,d88296ac-bb0d-47ab-9051-6c358f0af780,NA
15,46534470,46534470,1,snv_mnv,NA,NA,"broad,muse,sanger",3,COSN19313948,NA,THE1A,FALSE,0.1667,NA,4,20,NA,NA,NA,IGR,FALSE,FALSE,FALSE,FALSE,2,1,1,1_1,d88296ac-bb0d-47ab-9051-6c358f0af780,NA
15,47419624,47419624,1,snv_mnv,NA,NA,"broad,dkfz,muse,sanger",4,COSN19313964,NA,L1M1,FALSE,0.25,NA,11,33,NA,NA,NA,IGR,FALSE,FALSE,FALSE,FALSE,2,1,1,1_1,d88296ac-bb0d-47ab-9051-6c358f0af780,NA
15,49348295,49348295,1,snv_mnv,NA,NA,"broad,muse,sanger",3,COSN19313978,NA,MER57A-int,FALSE,0.1613,NA,5,26,NA,NA,NA,IGR,FALSE,FALSE,FALSE,FALSE,2,1,1,1_1,d88296ac-bb0d-47ab-9051-6c358f0af780,NA
15,50127259,50127259,1,snv_mnv,NA,NA,"broad,muse,sanger",3,COSN19313956,NA,L1PA4,FALSE,0.1875,NA,6,26,NA,NA,NA,IGR,FALSE,FALSE,FALSE,FALSE,2,1,1,1_1,d88296ac-bb0d-47ab-9051-6c358f0af780,NA
15,56371364,56371364,1,snv_mnv,NA,NA,"broad,dkfz,muse,sanger",4,COSN19313962,NA,L1ME3B,FALSE,0.1622,NA,6,31,NA,NA,NA,IGR,FALSE,FALSE,FALSE,FALSE,2,1,1,1_1,d88296ac-bb0d-47ab-9051-6c358f0af780,NA
15,56796799,56796799,1,snv_mnv,NA,NA,"broad,dkfz,muse,sanger",4,COSN19313954,NA,L1M3f,FALSE,0.1707,NA,7,34,NA,NA,NA,IGR,FALSE,FALSE,FALSE,FALSE,2,1,1,1_1,d88296ac-bb0d-47ab-9051-6c358f0af780,NA
15,57213729,57213729,1,snv_mnv,NA,NA,"broad,dkfz,muse,sanger",4,COSN19313933,NA,NA,FALSE,0.1622,NA,6,31,NA,NA,NA,Intron,FALSE,FALSE,TRUE,FALSE,2,1,1,1_1,d88296ac-bb0d-47ab-9051-6c358f0af780,"AC010999.3,AC090517.4"
15,58438148,58438148,1,snv_mnv,NA,NA,"broad,dkfz,muse,sanger",4,COSN19313937,NA,L1MEd,FALSE,0.4286,NA,15,20,NA,NA,NA,Intron,FALSE,FALSE,FALSE,FALSE,2,1,1,1_1,d88296ac-bb0d-47ab-9051-6c358f0af780,"MTND3P12,MTCO3P23"
15,61687263,61687263,1,snv_mnv,NA,NA,"broad,dkfz,muse,sanger",4,COSN19313975,NA,NA,FALSE,0.1892,NA,7,30,NA,NA,NA,lincRNA,FALSE,FALSE,FALSE,FALSE,2,1,1,1_1,d88296ac-bb0d-47ab-9051-6c358f0af780,NA
15,61897893,61897893,1,snv_mnv,NA,NA,"broad,dkfz,muse,sanger",4,COSN19313949,NA,NA,FALSE,0.6061,NA,20,13,NA,NA,NA,lincRNA,FALSE,FALSE,FALSE,FALSE,2,1,1,1_1,d88296ac-bb0d-47ab-9051-6c358f0af780,AC104574.1
15,64523976,64523976,1,snv_mnv,NA,NA,"broad,dkfz,sanger",3,COSN19313958,NA,NA,FALSE,0.1724,NA,5,24,NA,NA,NA,Intron,FALSE,FALSE,FALSE,FALSE,2,1,1,1_1,d88296ac-bb0d-47ab-9051-6c358f0af780,NA
15,70065068,70065068,1,snv_mnv,NA,NA,"broad,muse,sanger",3,COSN19313963,NA,L1PA6,FALSE,0.1562,NA,5,27,NA,NA,NA,IGR,FALSE,FALSE,FALSE,FALSE,2,1,1,1_1,d88296ac-bb0d-47ab-9051-6c358f0af780,NA
15,71485895,71485895,1,snv_mnv,NA,NA,"broad,dkfz,muse,sanger",4,COSN19313950,NA,THE1B,FALSE,0.2581,NA,8,23,NA,NA,NA,Intron,FALSE,FALSE,FALSE,FALSE,2,1,1,1_1,d88296ac-bb0d-47ab-9051-6c358f0af780,THSD4-AS1
15,75198700,75198700,1,snv_mnv,NA,NA,"broad,dkfz,muse,sanger",4,COSM5419576,NA,NA,FALSE,0.4722,NA,17,19,NA,NA,NA,Missense_Mutation,FALSE,FALSE,FALSE,FALSE,2,1,1,1_1,d88296ac-bb0d-47ab-9051-6c358f0af780,"FAM219B,MPI"
15,77028081,77028081,1,snv_mnv,NA,NA,"broad,muse",2,COSN19313973,NA,HAL1b,FALSE,0.3462,NA,9,17,NA,NA,NA,Intron,FALSE,FALSE,FALSE,FALSE,2,1,1,1_1,d88296ac-bb0d-47ab-9051-6c358f0af780,RN7SKP217
15,77028185,77028185,1,snv_mnv,NA,NA,"broad,dkfz,muse,sanger",4,COSN19313971,NA,NA,FALSE,0.2857,NA,10,25,NA,NA,NA,Intron,FALSE,FALSE,FALSE,FALSE,2,1,1,1_1,d88296ac-bb0d-47ab-9051-6c358f0af780,RN7SKP217
15,78591497,78591497,1,snv_mnv,NA,NA,"dkfz,muse,sanger",3,COSN19313936,NA,NA,FALSE,0.2174,NA,5,18,NA,NA,NA,Intron,FALSE,FALSE,FALSE,FALSE,2,1,1,1_1,d88296ac-bb0d-47ab-9051-6c358f0af780,"AC090607.5,AC090607.1"
15,80528469,80528469,1,snv_mnv,NA,NA,"dkfz,muse,sanger",3,COSN19313934,NA,NA,FALSE,0.2069,NA,6,23,NA,NA,NA,lincRNA,FALSE,FALSE,FALSE,FALSE,2,1,1,1_1,d88296ac-bb0d-47ab-9051-6c358f0af780,NA
15,83900004,83900004,1,snv_mnv,NA,NA,"broad,muse",2,COSN19313935,NA,(TG)n,FALSE,0.25,NA,8,24,NA,NA,NA,RNA,FALSE,FALSE,FALSE,FALSE,2,1,1,1_1,d88296ac-bb0d-47ab-9051-6c358f0af780,NA
15,84167387,84167387,1,snv_mnv,NA,NA,"broad,dkfz,muse,sanger",4,COSN19313961,NA,L2,FALSE,0.4483,NA,13,16,NA,NA,NA,Intron,FALSE,FALSE,FALSE,FALSE,2,1,1,1_1,d88296ac-bb0d-47ab-9051-6c358f0af780,NA
15,87383223,87383223,1,snv_mnv,NA,NA,"broad,dkfz,muse,sanger",4,COSN19313972,NA,NA,FALSE,0.4884,NA,21,22,NA,NA,NA,Intron,FALSE,FALSE,FALSE,FALSE,2,1,1,1_1,d88296ac-bb0d-47ab-9051-6c358f0af780,NA
15,89197888,89197888,1,snv_mnv,NA,NA,"broad,dkfz,muse,sanger",4,COSN19313943,NA,NA,FALSE,0.2188,NA,7,25,NA,NA,NA,Intron,FALSE,FALSE,FALSE,FALSE,2,1,1,1_1,d88296ac-bb0d-47ab-9051-6c358f0af780,ISG20
15,90795962,90795962,1,snv_mnv,1.9968e-4,rs375188968,"broad,dkfz,muse,sanger",4,COSN19313947,rs375188968,AluSq,FALSE,0.5,NA,14,14,NA,NA,NA,Intron,FALSE,FALSE,FALSE,FALSE,2,1,1,1_1,d88296ac-bb0d-47ab-9051-6c358f0af780,NA
15,93021597,93021597,1,snv_mnv,NA,NA,"broad,dkfz,muse,sanger",4,COSN19312607,rs868405630,NA,FALSE,0.1944,NA,7,29,NA,NA,NA,Intron,FALSE,FALSE,FALSE,FALSE,2,1,1,1_1,d88296ac-bb0d-47ab-9051-6c358f0af780,NA
15,95752969,95752969,1,snv_mnv,NA,NA,"broad,dkfz,muse,sanger",4,COSN19313939,NA,NA,FALSE,0.5,NA,14,14,NA,NA,NA,IGR,FALSE,FALSE,FALSE,FALSE,2,1,1,1_1,d88296ac-bb0d-47ab-9051-6c358f0af780,NA
15,96627642,96627642,1,snv_mnv,NA,NA,"broad,dkfz,muse,sanger",4,COSN19313951,NA,AluY,FALSE,0.4706,NA,8,9,NA,NA,NA,IGR,FALSE,FALSE,FALSE,FALSE,2,1,1,1_1,d88296ac-bb0d-47ab-9051-6c358f0af780,NA
15,98120996,98120996,1,snv_mnv,NA,NA,"broad,dkfz,muse,sanger",4,COSN19313976,NA,L1PA8A,FALSE,0.1875,NA,6,26,NA,NA,NA,IGR,FALSE,FALSE,FALSE,FALSE,2,1,1,1_1,d88296ac-bb0d-47ab-9051-6c358f0af780,NA
15,98816349,98816349,1,snv_mnv,NA,NA,"broad,dkfz,muse,sanger",4,COSN19313966,NA,NA,FALSE,0.2273,NA,5,17,NA,NA,NA,lincRNA,FALSE,FALSE,FALSE,FALSE,2,1,1,1_1,d88296ac-bb0d-47ab-9051-6c358f0af780,NA
15,98949869,98949869,1,snv_mnv,NA,NA,"broad,dkfz,muse",3,COSN19313942,NA,(CA)n,FALSE,0.1579,NA,6,32,NA,NA,NA,IGR,FALSE,FALSE,FALSE,FALSE,2,1,1,1_1,d88296ac-bb0d-47ab-9051-6c358f0af780,NA
16,3039801,3039801,1,snv_mnv,NA,NA,"broad,muse,sanger",3,COSN19313232,NA,GA-rich,FALSE,0.2,NA,4,16,NA,NA,NA,lincRNA,FALSE,FALSE,FALSE,FALSE,2,1,1,1_1,d88296ac-bb0d-47ab-9051-6c358f0af780,LINC00514
16,5386127,5386127,1,snv_mnv,NA,NA,"broad,dkfz,muse,sanger",4,COSN19313243,NA,NA,FALSE,0.5625,NA,18,14,NA,NA,NA,RNA,FALSE,FALSE,FALSE,FALSE,2,1,1,1_1,d88296ac-bb0d-47ab-9051-6c358f0af780,NA
16,6095010,6095010,1,snv_mnv,NA,NA,"dkfz,muse",2,COSN19313209,NA,MER5B,FALSE,0.2,NA,7,28,NA,NA,NA,Intron,FALSE,FALSE,FALSE,FALSE,2,1,1,1_1,d88296ac-bb0d-47ab-9051-6c358f0af780,NA
16,6139145,6139145,1,snv_mnv,NA,NA,"broad,dkfz,muse,sanger",4,COSN19313229,NA,NA,FALSE,0.4138,NA,12,17,NA,NA,NA,Intron,FALSE,FALSE,FALSE,FALSE,2,1,1,1_1,d88296ac-bb0d-47ab-9051-6c358f0af780,NA
16,7389377,7389377,1,snv_mnv,NA,NA,"broad,dkfz",2,COSN19313239,NA,L2b,FALSE,0.1622,NA,6,31,NA,NA,NA,Intron,FALSE,FALSE,FALSE,FALSE,2,1,1,1_1,d88296ac-bb0d-47ab-9051-6c358f0af780,NA
16,8489646,8489646,1,snv_mnv,NA,NA,"broad,dkfz,muse,sanger",4,COSN19313200,NA,AluJr,FALSE,0.44,NA,11,14,NA,NA,NA,IGR,FALSE,FALSE,TRUE,FALSE,2,1,1,1_1,d88296ac-bb0d-47ab-9051-6c358f0af780,NA
16,10620784,10620784,1,snv_mnv,NA,NA,"broad,dkfz,muse,sanger",4,COSN19313217,NA,AluJb,FALSE,0.52,NA,13,12,NA,NA,NA,IGR,FALSE,FALSE,FALSE,FALSE,2,1,1,1_1,d88296ac-bb0d-47ab-9051-6c358f0af780,"EMP2,AC027277.1"
16,11556185,11556185,1,snv_mnv,NA,NA,"broad,dkfz,muse,sanger",4,COSN19312609,NA,NA,FALSE,0.15,NA,3,17,NA,NA,NA,Intron,FALSE,FALSE,FALSE,FALSE,2,1,1,1_1,d88296ac-bb0d-47ab-9051-6c358f0af780,AC099489.3
16,12372877,12372877,1,snv_mnv,NA,NA,"dkfz,sanger",2,COSN19313241,NA,L1M5,FALSE,0.2059,NA,7,27,NA,NA,NA,Intron,FALSE,FALSE,FALSE,FALSE,2,1,1,1_1,d88296ac-bb0d-47ab-9051-6c358f0af780,NA
16,13326493,13326493,1,snv_mnv,NA,NA,"broad,muse,sanger",3,COSN19313221,NA,MER4E1,FALSE,0.1562,NA,5,27,NA,NA,NA,Intron,FALSE,FALSE,FALSE,FALSE,2,1,1,1_1,d88296ac-bb0d-47ab-9051-6c358f0af780,NA
16,13942641,13942641,1,snv_mnv,NA,NA,"broad,muse,sanger",3,COSN19313218,NA,MamGypLTR3,FALSE,0.2083,NA,5,19,NA,NA,NA,IGR,FALSE,FALSE,FALSE,FALSE,2,1,1,1_1,d88296ac-bb0d-47ab-9051-6c358f0af780,NA
16,19957684,19957684,1,snv_mnv,NA,NA,"broad,dkfz,muse,sanger",4,COSN19313225,NA,L2a,FALSE,0.5349,NA,23,20,NA,NA,NA,IGR,FALSE,FALSE,FALSE,FALSE,2,1,1,1_1,d88296ac-bb0d-47ab-9051-6c358f0af780,NA
16,20488082,20488082,1,snv_mnv,NA,NA,"dkfz,sanger",2,COSN19313238,NA,NA,FALSE,0.4333,NA,13,17,NA,NA,NA,Intron,FALSE,FALSE,FALSE,FALSE,2,1,1,1_1,d88296ac-bb0d-47ab-9051-6c358f0af780,ACSM2A
16,20940830,20940830,1,snv_mnv,NA,NA,"broad,dkfz,muse,sanger",4,COSN19313213,NA,NA,FALSE,0.3939,NA,13,20,NA,NA,NA,IGR,FALSE,FALSE,FALSE,FALSE,2,1,1,1_1,d88296ac-bb0d-47ab-9051-6c358f0af780,"LYRM1,DNAH3"
16,23558805,23558805,1,snv_mnv,NA,NA,"broad,dkfz,muse,sanger",4,COSN19313206,NA,L1MB7,FALSE,0.4194,NA,13,18,NA,NA,NA,Intron,FALSE,FALSE,FALSE,FALSE,2,1,1,1_1,d88296ac-bb0d-47ab-9051-6c358f0af780,EARS2
16,26862141,26862141,1,snv_mnv,NA,NA,"broad,dkfz,muse,sanger",4,COSN19313210,NA,L1ME2,FALSE,0.2,NA,6,24,NA,NA,NA,IGR,FALSE,FALSE,FALSE,FALSE,2,1,1,1_1,d88296ac-bb0d-47ab-9051-6c358f0af780,NA
16,34818318,34818318,1,snv_mnv,NA,NA,"broad,dkfz,muse",3,COSN19313220,NA,(TATAA)n,FALSE,0.5,NA,12,12,NA,NA,NA,IGR,FALSE,FALSE,FALSE,FALSE,2,1,1,1_1,d88296ac-bb0d-47ab-9051-6c358f0af780,NA
16,50863483,50863483,1,snv_mnv,NA,NA,"broad,muse,sanger",3,COSN19313245,NA,MSTA,FALSE,0.1667,NA,5,25,NA,NA,NA,IGR,FALSE,FALSE,FALSE,FALSE,2,1,1,1_1,d88296ac-bb0d-47ab-9051-6c358f0af780,NA
16,51533604,51533604,1,snv_mnv,NA,NA,"broad,dkfz,muse,sanger",4,COSN19313202,NA,NA,FALSE,0.1923,NA,5,21,NA,NA,NA,IGR,FALSE,FALSE,TRUE,FALSE,2,1,1,1_1,d88296ac-bb0d-47ab-9051-6c358f0af780,NA
16,56126382,56126382,1,snv_mnv,NA,NA,"broad,dkfz,muse,sanger",4,COSN19313235,NA,L1ME2,FALSE,0.4,NA,10,15,NA,NA,NA,lincRNA,FALSE,FALSE,FALSE,FALSE,2,1,1,1_1,d88296ac-bb0d-47ab-9051-6c358f0af780,AC007495.1
16,56350133,56350133,1,snv_mnv,NA,NA,"broad,dkfz,muse,sanger",4,COSN19313222,NA,NA,FALSE,0.25,NA,9,27,NA,NA,NA,Intron,FALSE,FALSE,FALSE,FALSE,2,1,1,1_1,d88296ac-bb0d-47ab-9051-6c358f0af780,NA
16,57589660,57589660,1,snv_mnv,NA,NA,"broad,dkfz,muse,sanger",4,COSN19313201,NA,L1ME1,FALSE,0.2105,NA,8,30,NA,NA,NA,Intron,FALSE,FALSE,TRUE,FALSE,2,1,1,1_1,d88296ac-bb0d-47ab-9051-6c358f0af780,NA
16,58822166,58822166,1,snv_mnv,NA,NA,"broad,muse",2,COSN19313212,NA,MLT1A0,FALSE,0.4167,NA,5,7,NA,NA,NA,lincRNA,FALSE,FALSE,FALSE,FALSE,2,1,1,1_1,d88296ac-bb0d-47ab-9051-6c358f0af780,NA
16,59112155,59112155,1,snv_mnv,NA,NA,"broad,muse,sanger",3,COSN19313228,NA,L1PA4,FALSE,0.1852,NA,5,22,NA,NA,NA,lincRNA,FALSE,FALSE,FALSE,FALSE,2,1,1,1_1,d88296ac-bb0d-47ab-9051-6c358f0af780,NA
16,59738594,59738594,1,snv_mnv,NA,NA,"broad,dkfz,muse,sanger",4,COSN19313227,NA,NA,FALSE,0.375,NA,12,20,NA,NA,NA,IGR,FALSE,FALSE,FALSE,FALSE,2,1,1,1_1,d88296ac-bb0d-47ab-9051-6c358f0af780,NA
16,60753853,60753853,1,snv_mnv,NA,NA,"broad,dkfz,muse,sanger",4,COSN19313204,NA,L1MEc,FALSE,0.1714,NA,6,29,NA,NA,NA,IGR,FALSE,FALSE,TRUE,FALSE,2,1,1,1_1,d88296ac-bb0d-47ab-9051-6c358f0af780,NA
16,61132924,61132924,1,snv_mnv,NA,NA,"broad,dkfz,muse,sanger",4,COSN19313236,NA,NA,FALSE,0.1786,NA,5,23,NA,NA,NA,IGR,FALSE,FALSE,TRUE,FALSE,2,1,1,1_1,d88296ac-bb0d-47ab-9051-6c358f0af780,NA
16,61353721,61353721,1,snv_mnv,NA,NA,"broad,dkfz,muse,sanger",4,COSN19313230,rs546895465,L1MCa,FALSE,0.3636,NA,12,21,NA,NA,NA,IGR,FALSE,FALSE,FALSE,FALSE,2,1,1,1_1,d88296ac-bb0d-47ab-9051-6c358f0af780,NA
16,61721457,61721457,1,snv_mnv,NA,NA,"broad,dkfz,muse,sanger",4,COSN19313207,NA,NA,FALSE,0.1818,NA,6,27,NA,NA,NA,Intron,FALSE,FALSE,TRUE,FALSE,2,1,1,1_1,d88296ac-bb0d-47ab-9051-6c358f0af780,AC092125.1
16,62006007,62006007,1,snv_mnv,NA,NA,"dkfz,sanger",2,COSN19313231,NA,THE1B,FALSE,0.4722,NA,17,19,NA,NA,NA,Intron,FALSE,FALSE,FALSE,FALSE,2,1,1,1_1,d88296ac-bb0d-47ab-9051-6c358f0af780,NA
16,62216412,62216412,1,snv_mnv,NA,NA,"broad,dkfz,muse,sanger",4,COSN19313199,NA,L1M3f,FALSE,0.1875,NA,6,26,NA,NA,NA,IGR,FALSE,FALSE,FALSE,FALSE,2,1,1,1_1,d88296ac-bb0d-47ab-9051-6c358f0af780,NA
16,62240777,62240777,1,snv_mnv,NA,NA,"broad,dkfz,muse,sanger",4,COSN19313208,NA,MLT1E2,FALSE,0.1714,NA,6,29,NA,NA,NA,IGR,FALSE,FALSE,FALSE,FALSE,2,1,1,1_1,d88296ac-bb0d-47ab-9051-6c358f0af780,NA
16,62339241,62339241,1,snv_mnv,NA,NA,"broad,dkfz,muse,sanger",4,COSN19313214,NA,NA,FALSE,0.2333,NA,7,23,NA,NA,NA,IGR,FALSE,FALSE,FALSE,FALSE,2,1,1,1_1,d88296ac-bb0d-47ab-9051-6c358f0af780,NA
16,64509548,64509548,1,snv_mnv,NA,NA,"broad,dkfz,muse,sanger",4,COSN19313216,NA,NA,FALSE,0.5833,NA,21,15,NA,NA,NA,lincRNA,FALSE,FALSE,FALSE,FALSE,2,1,1,1_1,d88296ac-bb0d-47ab-9051-6c358f0af780,NA
16,64646987,64646987,1,snv_mnv,NA,NA,"broad,dkfz,muse,sanger",4,COSN19313233,NA,L1PA8A,FALSE,0.1707,NA,7,34,NA,NA,NA,IGR,FALSE,FALSE,FALSE,FALSE,2,1,1,1_1,d88296ac-bb0d-47ab-9051-6c358f0af780,NA
16,64784717,64784717,1,snv_mnv,NA,NA,"broad,dkfz,muse,sanger",4,COSN19313219,NA,AluSp,FALSE,0.2069,NA,6,23,NA,NA,NA,IGR,FALSE,FALSE,FALSE,FALSE,2,1,1,1_1,d88296ac-bb0d-47ab-9051-6c358f0af780,NA
16,65224655,65224655,1,snv_mnv,NA,NA,"broad,dkfz,muse,sanger",4,COSN19313240,NA,L1MC3,FALSE,0.5806,NA,18,13,NA,NA,NA,lincRNA,FALSE,FALSE,FALSE,FALSE,2,1,1,1_1,d88296ac-bb0d-47ab-9051-6c358f0af780,AC009055.2
16,68536982,68536982,1,snv_mnv,NA,NA,"broad,dkfz,muse,sanger",4,COSN19313205,NA,NA,FALSE,0.3235,NA,11,23,NA,NA,NA,IGR,FALSE,FALSE,FALSE,FALSE,2,1,1,1_1,d88296ac-bb0d-47ab-9051-6c358f0af780,NA
16,69739972,69739972,1,snv_mnv,NA,NA,"broad,muse,sanger",3,COSN19313246,NA,AluJo,FALSE,0.1923,NA,5,21,NA,NA,NA,IGR,FALSE,FALSE,FALSE,FALSE,2,1,1,1_1,d88296ac-bb0d-47ab-9051-6c358f0af780,"NFAT5,NQO1,AC012321.1,AC092115.2"
16,71678996,71678996,1,snv_mnv,NA,NA,"broad,dkfz,muse,sanger",4,COSN19313211,NA,NA,FALSE,0.2368,NA,9,29,NA,NA,NA,3'UTR,FALSE,FALSE,FALSE,FALSE,2,1,1,1_1,d88296ac-bb0d-47ab-9051-6c358f0af780,"MARVELD3,PHLPP2"
16,73421815,73421815,1,snv_mnv,NA,NA,"broad,dkfz,muse,sanger",4,COSN19313203,NA,NA,FALSE,0.4839,NA,15,16,NA,NA,NA,lincRNA,FALSE,FALSE,FALSE,FALSE,2,1,1,1_1,d88296ac-bb0d-47ab-9051-6c358f0af780,NA
16,74824101,74824101,1,snv_mnv,NA,NA,"broad,dkfz,muse,sanger",4,COSN19313242,NA,L1MC4,FALSE,0.2812,NA,9,23,NA,NA,NA,IGR,FALSE,FALSE,FALSE,FALSE,2,1,1,1_1,d88296ac-bb0d-47ab-9051-6c358f0af780,NA
16,75321261,75321261,1,snv_mnv,NA,NA,"broad,dkfz,muse,sanger",4,COSN19313244,NA,NA,FALSE,0.619,NA,13,8,NA,NA,NA,RNA,FALSE,FALSE,FALSE,FALSE,2,1,1,1_1,d88296ac-bb0d-47ab-9051-6c358f0af780,RNU6-758P
16,81851012,81851012,1,snv_mnv,NA,NA,"broad,dkfz,muse,sanger",4,COSN19313198,NA,AluSp,FALSE,0.3421,NA,13,25,NA,NA,NA,Intron,FALSE,FALSE,FALSE,FALSE,2,1,1,1_1,d88296ac-bb0d-47ab-9051-6c358f0af780,NA
16,88257710,88257710,1,snv_mnv,NA,NA,"broad,muse,sanger",3,COSN19313223,NA,NA,FALSE,0.2222,NA,4,14,NA,NA,NA,IGR,FALSE,FALSE,FALSE,FALSE,2,1,1,1_1,d88296ac-bb0d-47ab-9051-6c358f0af780,NA
16,88638096,88638096,1,snv_mnv,NA,NA,"broad,dkfz,muse,sanger",4,COSN19313237,NA,NA,FALSE,0.3902,NA,16,25,NA,NA,NA,Intron,FALSE,FALSE,FALSE,FALSE,2,1,1,1_1,d88296ac-bb0d-47ab-9051-6c358f0af780,NA
17,1019285,1019285,1,snv_mnv,NA,NA,"broad,muse,sanger",3,COSN19312828,NA,AluSx,FALSE,0.5455,NA,12,10,NA,NA,NA,Intron,FALSE,FALSE,FALSE,FALSE,2,1,1,1_1,d88296ac-bb0d-47ab-9051-6c358f0af780,ABR
17,3928836,3928836,1,snv_mnv,NA,NA,"broad,dkfz,muse,sanger",4,COSN19312826,NA,AluSz,FALSE,0.1622,NA,6,31,NA,NA,NA,Intron,FALSE,FALSE,FALSE,FALSE,2,1,1,1_1,d88296ac-bb0d-47ab-9051-6c358f0af780,NA
17,9457990,9457990,1,snv_mnv,NA,NA,"broad,dkfz,muse,sanger",4,COSN19312840,rs754579615,AluSx,FALSE,0.5128,NA,20,19,NA,NA,NA,Intron,FALSE,FALSE,FALSE,FALSE,2,1,1,1_1,d88296ac-bb0d-47ab-9051-6c358f0af780,STX8
17,11273855,11273855,1,snv_mnv,NA,NA,"broad,dkfz,muse,sanger",4,COSN19312834,NA,NA,FALSE,0.4444,NA,12,15,NA,NA,NA,Intron,FALSE,FALSE,FALSE,FALSE,2,1,1,1_1,d88296ac-bb0d-47ab-9051-6c358f0af780,NA
17,12590115,12590115,1,snv_mnv,NA,NA,"broad,dkfz,muse,sanger",4,COSN19312847,NA,NA,FALSE,0.4595,NA,17,20,NA,NA,NA,Intron,FALSE,FALSE,FALSE,FALSE,2,1,1,1_1,d88296ac-bb0d-47ab-9051-6c358f0af780,NA
17,15841817,15841817,1,snv_mnv,NA,NA,"broad,dkfz,muse,sanger",4,COSN19312831,NA,AluSc8,FALSE,0.1951,NA,8,33,NA,NA,NA,IGR,FALSE,FALSE,FALSE,FALSE,2,1,1,1_1,d88296ac-bb0d-47ab-9051-6c358f0af780,NA
17,27356876,27356876,1,snv_mnv,NA,NA,"broad,dkfz,muse,sanger",4,COSN19312597,NA,AluY,FALSE,0.2581,NA,8,23,NA,NA,NA,Intron,FALSE,FALSE,FALSE,FALSE,2,1,1,1_1,d88296ac-bb0d-47ab-9051-6c358f0af780,NA
17,28892430,28892430,1,snv_mnv,NA,NA,"broad,muse,sanger",3,COSN19312829,NA,NA,FALSE,0.1515,NA,5,28,NA,NA,NA,IGR,FALSE,FALSE,FALSE,FALSE,2,1,1,1_1,d88296ac-bb0d-47ab-9051-6c358f0af780,"TBC1D29P,KRT17P3"
17,33097730,33097730,1,snv_mnv,NA,NA,"broad,dkfz,muse,sanger",4,COSN19312832,NA,NA,FALSE,0.3704,NA,10,17,NA,NA,NA,IGR,FALSE,FALSE,FALSE,FALSE,2,1,1,1_1,d88296ac-bb0d-47ab-9051-6c358f0af780,NA
17,36990034,36990034,1,snv_mnv,NA,NA,"broad,muse,sanger",3,COSN19312836,NA,tRNA-Cys-TGY,FALSE,0.2083,NA,5,19,NA,NA,NA,IGR,FALSE,FALSE,FALSE,FALSE,2,1,1,1_1,d88296ac-bb0d-47ab-9051-6c358f0af780,NA
17,42073769,42073769,1,snv_mnv,NA,NA,"broad,dkfz,muse",3,COSN19312851,NA,MLT1G,FALSE,0.4545,NA,15,18,NA,NA,NA,Intron,FALSE,FALSE,FALSE,FALSE,2,1,1,1_1,d88296ac-bb0d-47ab-9051-6c358f0af780,NA
17,42829219,42829219,1,snv_mnv,NA,NA,"broad,dkfz,muse,sanger",4,COSN19312843,NA,NA,FALSE,0.3333,NA,9,18,NA,NA,NA,3'UTR,FALSE,FALSE,FALSE,FALSE,2,1,1,1_1,d88296ac-bb0d-47ab-9051-6c358f0af780,DBF4B
17,46249295,46249295,1,snv_mnv,NA,NA,"broad,dkfz,muse,sanger",4,COSN19312837,NA,AluSx1,FALSE,0.4286,NA,9,12,NA,NA,NA,Intron,FALSE,FALSE,FALSE,FALSE,2,1,1,1_1,d88296ac-bb0d-47ab-9051-6c358f0af780,NA
17,48324059,48324059,1,snv_mnv,NA,NA,"broad,dkfz,muse,sanger",4,COSN19312833,NA,L1ME3,FALSE,0.5385,NA,14,12,NA,NA,NA,RNA,FALSE,FALSE,FALSE,FALSE,2,1,1,1_1,d88296ac-bb0d-47ab-9051-6c358f0af780,NA
17,49727217,49727217,1,snv_mnv,NA,NA,"broad,dkfz,muse,sanger",4,COSN19312848,NA,NA,FALSE,0.381,NA,8,13,NA,NA,NA,Intron,FALSE,FALSE,FALSE,FALSE,2,1,1,1_1,d88296ac-bb0d-47ab-9051-6c358f0af780,NA
17,50268159,50268159,1,snv_mnv,NA,NA,"broad,dkfz,muse",3,COSN19312842,NA,L1MEd,FALSE,0.2222,NA,8,28,NA,NA,NA,IGR,FALSE,FALSE,FALSE,FALSE,2,1,1,1_1,d88296ac-bb0d-47ab-9051-6c358f0af780,NA
17,52716535,52716535,1,snv_mnv,NA,NA,"broad,muse,sanger",3,COSN19312839,NA,L1MA2,FALSE,0.1316,NA,5,33,NA,NA,NA,IGR,FALSE,FALSE,FALSE,FALSE,2,1,1,1_1,d88296ac-bb0d-47ab-9051-6c358f0af780,NA
17,61452898,61452898,1,snv_mnv,NA,NA,"broad,dkfz,muse,sanger",4,COSN19312850,NA,NA,FALSE,0.1556,NA,7,38,NA,NA,NA,Intron,FALSE,FALSE,FALSE,FALSE,2,1,1,1_1,d88296ac-bb0d-47ab-9051-6c358f0af780,NA
17,64324256,64324256,1,snv_mnv,NA,NA,"broad,muse,sanger",3,COSN19312827,NA,AluJr,FALSE,0.1481,NA,4,23,NA,NA,NA,Intron,FALSE,FALSE,FALSE,FALSE,2,1,1,1_1,d88296ac-bb0d-47ab-9051-6c358f0af780,NA
17,70049957,70049957,1,snv_mnv,NA,NA,"dkfz,sanger",2,COSN19312844,NA,NA,FALSE,0.5806,NA,18,13,NA,NA,NA,lincRNA,FALSE,FALSE,FALSE,FALSE,2,1,1,1_1,d88296ac-bb0d-47ab-9051-6c358f0af780,NA
17,71854186,71854186,1,snv_mnv,NA,NA,"broad,dkfz,muse,sanger",4,COSN19312835,NA,NA,FALSE,0.4444,NA,12,15,NA,NA,NA,IGR,FALSE,FALSE,FALSE,FALSE,2,1,1,1_1,d88296ac-bb0d-47ab-9051-6c358f0af780,NA
17,73367259,73367259,1,snv_mnv,NA,NA,"broad,dkfz,muse,sanger",4,COSN19312849,NA,NA,FALSE,0.4634,NA,19,22,NA,NA,NA,Intron,FALSE,FALSE,FALSE,FALSE,2,1,1,1_1,d88296ac-bb0d-47ab-9051-6c358f0af780,NA
17,80093901,80093901,1,snv_mnv,NA,NA,"broad,dkfz,muse,sanger",4,COSN19312841,NA,L1MB5,FALSE,0.25,NA,7,21,NA,NA,NA,Intron,FALSE,FALSE,FALSE,FALSE,2,1,1,1_1,d88296ac-bb0d-47ab-9051-6c358f0af780,CCDC57
18,530776,530776,1,snv_mnv,5.9904e-4,rs559185286,"broad,muse,sanger",3,COSN19313173,rs559185286,L1MB3,FALSE,0.1852,NA,5,22,NA,NA,NA,IGR,FALSE,FALSE,FALSE,FALSE,2,1,1,1_1,d88296ac-bb0d-47ab-9051-6c358f0af780,NA
18,4748983,4748983,1,snv_mnv,NA,NA,"broad,dkfz,muse,sanger",4,COSN19313146,rs768094864,NA,FALSE,0.1724,NA,5,24,NA,NA,NA,IGR,FALSE,FALSE,FALSE,FALSE,2,1,1,1_1,d88296ac-bb0d-47ab-9051-6c358f0af780,NA
18,9829499,9829499,1,snv_mnv,NA,NA,"broad,dkfz,muse,sanger",4,COSN19313156,NA,L1ME3B,FALSE,0.175,NA,7,33,NA,NA,NA,Intron,FALSE,FALSE,TRUE,FALSE,2,1,1,1_1,d88296ac-bb0d-47ab-9051-6c358f0af780,RN7SL862P
18,11712822,11712822,1,snv_mnv,NA,NA,"broad,dkfz,muse,sanger",4,COSN19313169,rs533801262,NA,FALSE,0.2778,NA,10,26,NA,NA,NA,Intron,FALSE,FALSE,FALSE,FALSE,2,1,1,1_1,d88296ac-bb0d-47ab-9051-6c358f0af780,NA
18,12517929,12517929,1,snv_mnv,NA,NA,"broad,dkfz,muse,sanger",4,COSN19313167,NA,NA,FALSE,0.1429,NA,6,36,NA,NA,NA,Intron,FALSE,FALSE,FALSE,FALSE,2,1,1,1_1,d88296ac-bb0d-47ab-9051-6c358f0af780,SPIRE1
18,21629344,21629344,1,snv_mnv,NA,NA,"broad,dkfz,muse,sanger",4,COSN19313197,NA,NA,FALSE,0.2143,NA,6,22,NA,NA,NA,Intron,FALSE,FALSE,FALSE,FALSE,2,1,1,1_1,d88296ac-bb0d-47ab-9051-6c358f0af780,NA
18,24225565,24225565,1,snv_mnv,NA,NA,"broad,muse,sanger",3,COSN19313155,NA,AluJr,FALSE,0.1515,NA,5,28,NA,NA,NA,Intron,FALSE,FALSE,FALSE,FALSE,2,1,1,1_1,d88296ac-bb0d-47ab-9051-6c358f0af780,NA
18,26469687,26469687,1,snv_mnv,NA,NA,"broad,dkfz,muse,sanger",4,COSN19313186,NA,AT_rich,FALSE,0.5312,NA,17,15,NA,NA,NA,IGR,FALSE,FALSE,TRUE,FALSE,2,1,1,1_1,d88296ac-bb0d-47ab-9051-6c358f0af780,NA
18,26583225,26583225,1,snv_mnv,NA,NA,"broad,dkfz,muse,sanger",4,COSN19313137,NA,MER110,FALSE,0.5,NA,14,14,NA,NA,NA,IGR,FALSE,FALSE,FALSE,FALSE,2,1,1,1_1,d88296ac-bb0d-47ab-9051-6c358f0af780,NA
18,27116872,27116872,1,snv_mnv,NA,NA,"broad,dkfz,muse,sanger",4,COSN19313176,NA,NA,FALSE,0.2368,NA,9,29,NA,NA,NA,lincRNA,FALSE,FALSE,FALSE,FALSE,2,1,1,1_1,d88296ac-bb0d-47ab-9051-6c358f0af780,NA
18,27347390,27347390,1,snv_mnv,NA,NA,"broad,dkfz,muse,sanger",4,COSN19313190,rs750691221,AluSz6,FALSE,0.4839,NA,15,16,NA,NA,NA,IGR,FALSE,FALSE,FALSE,FALSE,2,1,1,1_1,d88296ac-bb0d-47ab-9051-6c358f0af780,NA
18,27585686,27585686,1,snv_mnv,NA,NA,"broad,dkfz,muse,sanger",4,COSN19313170,NA,NA,FALSE,0.2333,NA,7,23,NA,NA,NA,IGR,FALSE,FALSE,FALSE,FALSE,2,1,1,1_1,d88296ac-bb0d-47ab-9051-6c358f0af780,NA
18,28024868,28024868,1,snv_mnv,NA,NA,"broad,dkfz,muse,sanger",4,COSN19313185,rs779003707,NA,FALSE,0.1852,NA,5,22,NA,NA,NA,IGR,FALSE,FALSE,FALSE,FALSE,2,1,1,1_1,d88296ac-bb0d-47ab-9051-6c358f0af780,NA
18,30558730,30558730,1,snv_mnv,NA,NA,"broad,dkfz,muse,sanger",4,COSN19313182,NA,AluSx1,FALSE,0.2,NA,6,24,NA,NA,NA,Intron,FALSE,FALSE,FALSE,FALSE,2,1,1,1_1,d88296ac-bb0d-47ab-9051-6c358f0af780,NA
18,33954962,33954962,1,snv_mnv,NA,NA,"broad,dkfz,muse,sanger",4,COSN19313148,NA,NA,FALSE,0.2424,NA,8,25,NA,NA,NA,Intron,FALSE,FALSE,FALSE,FALSE,2,1,1,1_1,d88296ac-bb0d-47ab-9051-6c358f0af780,NA
18,34239424,34239424,1,snv_mnv,NA,NA,"broad,dkfz,muse,sanger",4,COSN19313177,NA,NA,FALSE,0.2424,NA,8,25,NA,NA,NA,Intron,FALSE,FALSE,FALSE,FALSE,2,1,1,1_1,d88296ac-bb0d-47ab-9051-6c358f0af780,NA
18,35888653,35888653,1,snv_mnv,NA,NA,"broad,dkfz,muse,sanger",4,COSN19313142,NA,NA,FALSE,0.3514,NA,13,24,NA,NA,NA,IGR,FALSE,FALSE,FALSE,FALSE,2,1,1,1_1,d88296ac-bb0d-47ab-9051-6c358f0af780,NA
18,36226788,36226788,1,snv_mnv,NA,NA,"broad,dkfz,muse,sanger",4,COSN19313141,NA,MIRb,FALSE,0.4516,NA,14,17,NA,NA,NA,IGR,FALSE,FALSE,FALSE,FALSE,2,1,1,1_1,d88296ac-bb0d-47ab-9051-6c358f0af780,NA
18,36384178,36384178,1,snv_mnv,NA,NA,"broad,dkfz,sanger",3,COSN19313145,NA,MIRb,FALSE,0.1935,NA,6,25,NA,NA,NA,IGR,FALSE,FALSE,FALSE,FALSE,2,1,1,1_1,d88296ac-bb0d-47ab-9051-6c358f0af780,NA
18,36638811,36638811,1,snv_mnv,NA,NA,"broad,dkfz,muse,sanger",4,COSN19313165,NA,NA,FALSE,0.2927,NA,12,29,NA,NA,NA,IGR,FALSE,FALSE,FALSE,FALSE,2,1,1,1_1,d88296ac-bb0d-47ab-9051-6c358f0af780,NA
18,36997484,36997484,1,snv_mnv,NA,NA,"broad,dkfz,muse,sanger",4,COSN19313162,NA,NA,FALSE,0.1951,NA,8,33,NA,NA,NA,lincRNA,FALSE,FALSE,FALSE,FALSE,2,1,1,1_1,d88296ac-bb0d-47ab-9051-6c358f0af780,NA
18,37310459,37310459,1,snv_mnv,NA,NA,"muse,sanger",2,COSN19313196,NA,AluSz,FALSE,0.2069,NA,6,23,NA,NA,NA,lincRNA,FALSE,FALSE,FALSE,FALSE,2,1,1,1_1,d88296ac-bb0d-47ab-9051-6c358f0af780,NA
18,37499741,37499741,1,snv_mnv,NA,NA,"broad,dkfz,muse,sanger",4,COSN19313139,NA,NA,FALSE,0.3103,NA,9,20,NA,NA,NA,lincRNA,FALSE,FALSE,FALSE,FALSE,2,1,1,1_1,d88296ac-bb0d-47ab-9051-6c358f0af780,NA
18,38424102,38424102,1,snv_mnv,NA,NA,"broad,dkfz,muse,sanger",4,COSN19313187,NA,L2c,FALSE,0.4324,NA,16,21,NA,NA,NA,IGR,FALSE,FALSE,FALSE,FALSE,2,1,1,1_1,d88296ac-bb0d-47ab-9051-6c358f0af780,NA
18,39179441,39179441,1,snv_mnv,NA,NA,"broad,dkfz,muse,sanger",4,COSN19313179,NA,NA,FALSE,0.413,NA,19,27,NA,NA,NA,IGR,FALSE,FALSE,FALSE,FALSE,2,1,1,1_1,d88296ac-bb0d-47ab-9051-6c358f0af780,NA
18,39701177,39701177,1,snv_mnv,NA,NA,"broad,dkfz,muse,sanger",4,COSN19313153,NA,L1MDa,FALSE,0.1892,NA,7,30,NA,NA,NA,IGR,FALSE,FALSE,TRUE,FALSE,2,1,1,1_1,d88296ac-bb0d-47ab-9051-6c358f0af780,NA
18,39745757,39745757,1,snv_mnv,NA,NA,"broad,dkfz,muse,sanger",4,COSN19313194,NA,NA,FALSE,0.1429,NA,4,24,NA,NA,NA,IGR,FALSE,FALSE,FALSE,FALSE,2,1,1,1_1,d88296ac-bb0d-47ab-9051-6c358f0af780,NA
18,40274853,40274853,1,snv_mnv,NA,NA,"broad,dkfz,muse,sanger",4,COSN19313172,NA,MLT1D,FALSE,0.5,NA,12,12,NA,NA,NA,IGR,FALSE,FALSE,TRUE,FALSE,2,1,1,1_1,d88296ac-bb0d-47ab-9051-6c358f0af780,LINC00907
18,40402641,40402641,1,snv_mnv,NA,NA,"broad,dkfz,muse,sanger",4,COSN19313180,NA,MIRc,FALSE,0.4324,NA,16,21,NA,NA,NA,Intron,FALSE,FALSE,FALSE,FALSE,2,1,1,1_1,d88296ac-bb0d-47ab-9051-6c358f0af780,NA
18,40816253,40816253,1,snv_mnv,NA,NA,"broad,dkfz,muse,sanger",4,COSN19313154,NA,L1MA2,FALSE,0.439,NA,18,23,NA,NA,NA,IGR,FALSE,FALSE,FALSE,FALSE,2,1,1,1_1,d88296ac-bb0d-47ab-9051-6c358f0af780,NA
18,40968126,40968126,1,snv_mnv,NA,NA,"broad,dkfz,muse,sanger",4,COSN19313157,NA,MER21B,FALSE,0.3143,NA,11,24,NA,NA,NA,IGR,FALSE,FALSE,FALSE,FALSE,2,1,1,1_1,d88296ac-bb0d-47ab-9051-6c358f0af780,NA
18,45955154,45955154,1,snv_mnv,NA,NA,"broad,dkfz,muse,sanger",4,COSN19313143,NA,NA,FALSE,0.2381,NA,5,16,NA,NA,NA,IGR,FALSE,FALSE,FALSE,FALSE,2,1,1,1_1,d88296ac-bb0d-47ab-9051-6c358f0af780,NA
18,47973306,47973306,1,snv_mnv,3.9936e-4,rs567868147,"broad,dkfz,muse,sanger",4,COSN19313178,rs567868147,ERVL-E-int,FALSE,0.1702,NA,8,39,NA,NA,NA,IGR,FALSE,FALSE,FALSE,FALSE,2,1,1,1_1,d88296ac-bb0d-47ab-9051-6c358f0af780,NA
18,49005561,49005561,1,snv_mnv,NA,NA,"broad,dkfz,muse,sanger",4,COSN19313174,NA,MER66B,FALSE,0.2424,NA,8,25,NA,NA,NA,IGR,FALSE,FALSE,FALSE,FALSE,2,1,1,1_1,d88296ac-bb0d-47ab-9051-6c358f0af780,NA
18,49435355,49435355,1,snv_mnv,NA,NA,"broad,dkfz,muse,sanger",4,COSN19313164,NA,ERVL-int,FALSE,0.4091,NA,9,13,NA,NA,NA,IGR,FALSE,FALSE,FALSE,FALSE,2,1,1,1_1,d88296ac-bb0d-47ab-9051-6c358f0af780,NA
18,54207899,54207899,1,snv_mnv,NA,NA,"broad,dkfz,muse,sanger",4,COSN19313161,NA,AluSx1,FALSE,0.2424,NA,8,25,NA,NA,NA,IGR,FALSE,FALSE,FALSE,FALSE,2,1,1,1_1,d88296ac-bb0d-47ab-9051-6c358f0af780,NA
18,61395322,61395322,1,snv_mnv,NA,NA,"broad,dkfz,muse,sanger",4,COSN19313184,NA,L1MC2,FALSE,0.3056,NA,11,25,NA,NA,NA,IGR,FALSE,FALSE,FALSE,FALSE,2,1,1,1_1,d88296ac-bb0d-47ab-9051-6c358f0af780,SERPINB11
18,62495134,62495134,1,snv_mnv,NA,NA,"broad,dkfz,muse,sanger",4,COSN19313193,NA,Tigger1,FALSE,0.4318,NA,19,25,NA,NA,NA,IGR,FALSE,FALSE,FALSE,FALSE,2,1,1,1_1,d88296ac-bb0d-47ab-9051-6c358f0af780,NA
18,62814900,62814900,1,snv_mnv,NA,NA,"broad,sanger",2,COSN19313136,NA,NA,FALSE,0.119,NA,5,37,NA,NA,NA,IGR,FALSE,FALSE,FALSE,FALSE,2,1,1,1_1,d88296ac-bb0d-47ab-9051-6c358f0af780,NA
18,63053210,63053210,1,snv_mnv,NA,NA,"broad,dkfz,muse,sanger",4,COSN19313149,NA,THE1B,FALSE,0.5676,NA,21,16,NA,NA,NA,IGR,FALSE,FALSE,FALSE,FALSE,2,1,1,1_1,d88296ac-bb0d-47ab-9051-6c358f0af780,NA
18,63087692,63087692,1,snv_mnv,NA,NA,"broad,muse,sanger",3,COSN19313151,NA,L1MA9,FALSE,0.1515,NA,5,28,NA,NA,NA,IGR,FALSE,FALSE,FALSE,FALSE,2,1,1,1_1,d88296ac-bb0d-47ab-9051-6c358f0af780,LINC01916
18,63225620,63225620,1,snv_mnv,NA,NA,"broad,dkfz,muse,sanger",4,COSN19313188,NA,L1MA9,FALSE,0.3793,NA,11,18,NA,NA,NA,IGR,FALSE,FALSE,FALSE,FALSE,2,1,1,1_1,d88296ac-bb0d-47ab-9051-6c358f0af780,NA
18,63916207,63916207,1,snv_mnv,NA,NA,"broad,dkfz,muse,sanger",4,COSN19313195,NA,L1M4,FALSE,0.1333,NA,6,39,NA,NA,NA,IGR,FALSE,FALSE,FALSE,FALSE,2,1,1,1_1,d88296ac-bb0d-47ab-9051-6c358f0af780,NA
18,63961305,63961305,1,snv_mnv,NA,NA,"broad,dkfz,muse,sanger",4,COSN19313189,NA,L1P2,FALSE,0.2581,NA,8,23,NA,NA,NA,IGR,FALSE,FALSE,FALSE,FALSE,2,1,1,1_1,d88296ac-bb0d-47ab-9051-6c358f0af780,NA
18,63961482,63961482,1,snv_mnv,NA,NA,"broad,dkfz,muse,sanger",4,COSN19313171,NA,L1P2,FALSE,0.3077,NA,12,27,NA,NA,NA,IGR,FALSE,FALSE,FALSE,FALSE,2,1,1,1_1,d88296ac-bb0d-47ab-9051-6c358f0af780,NA
18,64381832,64381832,1,snv_mnv,NA,NA,"broad,dkfz,muse,sanger",4,COSN19313181,NA,L1MEf,FALSE,0.1892,NA,7,30,NA,NA,NA,IGR,FALSE,FALSE,FALSE,FALSE,2,1,1,1_1,d88296ac-bb0d-47ab-9051-6c358f0af780,NA
18,65016279,65016279,1,snv_mnv,NA,NA,"broad,dkfz,muse,sanger",4,COSN19313168,NA,NA,FALSE,0.4872,NA,19,20,NA,NA,NA,IGR,FALSE,FALSE,FALSE,FALSE,2,1,1,1_1,d88296ac-bb0d-47ab-9051-6c358f0af780,NA
18,65149602,65149602,1,snv_mnv,NA,NA,"broad,dkfz,muse,sanger",4,COSN19313163,NA,Charlie10,FALSE,0.2424,NA,8,25,NA,NA,NA,lincRNA,FALSE,FALSE,FALSE,FALSE,2,1,1,1_1,d88296ac-bb0d-47ab-9051-6c358f0af780,NA
18,66484604,66484604,1,snv_mnv,NA,NA,"broad,dkfz,muse,sanger",4,COSN19313175,NA,NA,FALSE,0.5172,NA,15,14,NA,NA,NA,Intron,FALSE,FALSE,FALSE,FALSE,2,1,1,1_1,d88296ac-bb0d-47ab-9051-6c358f0af780,NA
18,67180068,67180068,1,snv_mnv,NA,NA,"broad,dkfz,muse,sanger",4,COSN19313183,NA,NA,FALSE,0.5172,NA,15,14,NA,NA,NA,Intron,FALSE,FALSE,FALSE,FALSE,2,1,1,1_1,d88296ac-bb0d-47ab-9051-6c358f0af780,NA
18,68073172,68073172,1,snv_mnv,7.9872e-4,rs555009431,"muse,sanger",2,COSN19313138,rs555009431,AluSc8,FALSE,0.2059,NA,7,27,NA,NA,NA,IGR,FALSE,FALSE,FALSE,FALSE,2,1,1,1_1,d88296ac-bb0d-47ab-9051-6c358f0af780,NA
18,68267296,68267296,1,snv_mnv,NA,NA,"broad,dkfz,muse,sanger",4,COSN19313166,NA,NA,FALSE,0.5,NA,24,24,NA,NA,NA,IGR,FALSE,FALSE,FALSE,FALSE,2,1,1,1_1,d88296ac-bb0d-47ab-9051-6c358f0af780,NA
18,69873468,69873468,1,snv_mnv,NA,NA,"broad,dkfz,muse,sanger",4,COSN19313150,NA,MER34,FALSE,0.5135,NA,19,18,NA,NA,NA,IGR,FALSE,FALSE,FALSE,FALSE,2,1,1,1_1,d88296ac-bb0d-47ab-9051-6c358f0af780,NA
19,371157,371157,1,snv_mnv,NA,NA,"broad,dkfz,muse,sanger",4,COSN19314261,NA,NA,FALSE,0.5417,NA,13,11,NA,NA,NA,Intron,FALSE,FALSE,FALSE,FALSE,2,1,1,1_1,d88296ac-bb0d-47ab-9051-6c358f0af780,NA
19,7865246,7865246,1,snv_mnv,NA,NA,"broad,muse,sanger",3,COSN19314249,NA,HERVKC4-int,FALSE,0.2692,NA,7,19,NA,NA,NA,IGR,FALSE,FALSE,FALSE,FALSE,2,1,1,1_1,d88296ac-bb0d-47ab-9051-6c358f0af780,NA
19,12687745,12687745,1,snv_mnv,NA,NA,"broad,dkfz,muse,sanger",4,COSN19314257,NA,NA,FALSE,0.2593,NA,7,20,NA,NA,NA,IGR,FALSE,FALSE,FALSE,FALSE,2,1,1,1_1,d88296ac-bb0d-47ab-9051-6c358f0af780,ZNF490
19,13623936,13623936,1,snv_mnv,NA,NA,"broad,dkfz,muse,sanger",4,COSN19314251,rs773218184,AluJb,FALSE,0.2692,NA,7,19,NA,NA,NA,IGR,FALSE,FALSE,FALSE,FALSE,2,1,1,1_1,d88296ac-bb0d-47ab-9051-6c358f0af780,NA
19,17528872,17528872,1,snv_mnv,NA,NA,"broad,dkfz,muse,sanger",4,COSN19314259,NA,AluSc,FALSE,0.1786,NA,5,23,NA,NA,NA,5'Flank,FALSE,FALSE,FALSE,FALSE,2,1,1,1_1,d88296ac-bb0d-47ab-9051-6c358f0af780,"BISPR,MVB12A,AC010319.3"
19,28178710,28178710,1,snv_mnv,NA,NA,"broad,muse",2,COSN19314260,NA,ALR/Alpha,FALSE,0.5667,NA,17,13,NA,NA,NA,IGR,FALSE,FALSE,FALSE,FALSE,2,1,1,1_1,d88296ac-bb0d-47ab-9051-6c358f0af780,NA
19,31360624,31360624,1,snv_mnv,NA,NA,"broad,dkfz,muse,sanger",4,COSN19314258,NA,NA,FALSE,0.3714,NA,13,22,NA,NA,NA,lincRNA,FALSE,FALSE,FALSE,FALSE,2,1,1,1_1,d88296ac-bb0d-47ab-9051-6c358f0af780,NA
19,32608859,32608859,1,snv_mnv,NA,NA,"broad,dkfz,muse,sanger",4,COSN19314262,NA,L1M2,FALSE,0.4054,NA,15,22,NA,NA,NA,IGR,FALSE,FALSE,TRUE,FALSE,2,1,1,1_1,d88296ac-bb0d-47ab-9051-6c358f0af780,NA
19,34240619,34240619,1,snv_mnv,NA,NA,"broad,dkfz,muse,sanger",4,COSN19314263,NA,NA,FALSE,0.2778,NA,5,13,NA,NA,NA,Intron,FALSE,FALSE,FALSE,FALSE,2,1,1,1_1,d88296ac-bb0d-47ab-9051-6c358f0af780,NA
19,34443305,34443305,1,snv_mnv,NA,NA,"broad,dkfz,muse,sanger",4,COSN19314254,NA,NA,FALSE,0.3448,NA,10,19,NA,NA,NA,IGR,FALSE,FALSE,FALSE,FALSE,2,1,1,1_1,d88296ac-bb0d-47ab-9051-6c358f0af780,NA
19,42708125,42708125,1,snv_mnv,NA,NA,"broad,dkfz,muse,sanger",4,COSN19314250,NA,NA,FALSE,0.4444,NA,12,15,NA,NA,NA,Intron,FALSE,FALSE,FALSE,FALSE,2,1,1,1_1,d88296ac-bb0d-47ab-9051-6c358f0af780,NA
19,49763065,49763065,1,snv_mnv,NA,NA,"broad,dkfz,muse,sanger",4,COSN19314256,NA,MSTA,FALSE,0.2121,NA,7,26,NA,NA,NA,IGR,FALSE,FALSE,TRUE,FALSE,2,1,1,1_1,d88296ac-bb0d-47ab-9051-6c358f0af780,SLC6A21P
19,50797502,50797502,1,snv_mnv,NA,NA,"broad,dkfz,muse,sanger",4,COSN19314255,NA,L2c,FALSE,0.4348,NA,10,13,NA,NA,NA,Intron,FALSE,FALSE,FALSE,FALSE,2,1,1,1_1,d88296ac-bb0d-47ab-9051-6c358f0af780,NA
19,51648773,51648773,1,snv_mnv,NA,NA,"broad,dkfz,muse,sanger",4,COSN19314252,NA,L1MC,FALSE,0.2286,NA,8,27,NA,NA,NA,Intron,FALSE,FALSE,FALSE,FALSE,2,1,1,1_1,d88296ac-bb0d-47ab-9051-6c358f0af780,"AC063977.1,SIGLEC7"
2,1525475,1525475,1,snv_mnv,NA,NA,"broad,dkfz,muse,sanger",4,COSN19312921,NA,NA,FALSE,0.44,NA,11,14,NA,NA,NA,Intron,FALSE,FALSE,FALSE,FALSE,2,1,1,1_1,d88296ac-bb0d-47ab-9051-6c358f0af780,TPO
2,1981970,1981970,1,snv_mnv,NA,NA,"broad,dkfz,muse,sanger",4,COSN19312942,NA,NA,FALSE,0.2432,NA,9,28,NA,NA,NA,Intron,FALSE,FALSE,FALSE,FALSE,2,1,1,1_1,d88296ac-bb0d-47ab-9051-6c358f0af780,NA
2,2053570,2053570,1,snv_mnv,0.0017971,rs186846843,"broad,dkfz,muse,sanger",4,COSN19312950,rs186846843,THE1B,FALSE,0.3125,NA,10,22,NA,NA,NA,Intron,FALSE,FALSE,FALSE,FALSE,2,1,1,1_1,d88296ac-bb0d-47ab-9051-6c358f0af780,NA
2,6069504,6069504,1,snv_mnv,NA,NA,"broad,dkfz,muse,sanger",4,COSN19313004,NA,NA,FALSE,0.2564,NA,10,29,NA,NA,NA,IGR,FALSE,FALSE,FALSE,FALSE,2,1,1,1_1,d88296ac-bb0d-47ab-9051-6c358f0af780,LINC01105
2,7958086,7958086,1,snv_mnv,NA,NA,"broad,dkfz,muse,sanger",4,COSN19312939,NA,MLT1B,FALSE,0.3871,NA,12,19,NA,NA,NA,IGR,FALSE,FALSE,FALSE,FALSE,2,1,1,1_1,d88296ac-bb0d-47ab-9051-6c358f0af780,NA
2,12903801,12903801,1,snv_mnv,NA,NA,"broad,dkfz,muse,sanger",4,COSN19312857,NA,MIRb,FALSE,0.2593,NA,7,20,NA,NA,NA,IGR,FALSE,FALSE,FALSE,FALSE,2,1,1,1_1,d88296ac-bb0d-47ab-9051-6c358f0af780,NA
2,14898032,14898032,1,snv_mnv,NA,NA,"broad,dkfz,muse,sanger",4,COSN19312887,NA,NA,FALSE,0.2581,NA,8,23,NA,NA,NA,IGR,FALSE,FALSE,FALSE,FALSE,2,1,1,1_1,d88296ac-bb0d-47ab-9051-6c358f0af780,NA
2,15823117,15823117,1,snv_mnv,NA,NA,"broad,dkfz,muse,sanger",4,COSN19313022,NA,NA,FALSE,0.3333,NA,8,16,NA,NA,NA,RNA,FALSE,FALSE,FALSE,FALSE,2,1,1,1_1,d88296ac-bb0d-47ab-9051-6c358f0af780,AC008278.1
2,18941549,18941549,1,snv_mnv,NA,NA,"broad,dkfz,muse,sanger",4,COSN19312977,NA,HAL1,FALSE,0.3824,NA,13,21,NA,NA,NA,IGR,FALSE,FALSE,FALSE,FALSE,2,1,1,1_1,d88296ac-bb0d-47ab-9051-6c358f0af780,NA
2,21663901,21663901,1,snv_mnv,NA,NA,"broad,dkfz,muse,sanger",4,COSN19312992,NA,L2c,FALSE,0.2273,NA,10,34,NA,NA,NA,IGR,FALSE,FALSE,FALSE,FALSE,2,1,1,1_1,d88296ac-bb0d-47ab-9051-6c358f0af780,NA
2,26072583,26072583,1,snv_mnv,NA,NA,"broad,muse,sanger",3,COSN19312860,NA,AluJo,FALSE,0.2188,NA,7,25,NA,NA,NA,Intron,FALSE,FALSE,FALSE,FALSE,2,1,1,1_1,d88296ac-bb0d-47ab-9051-6c358f0af780,NA
2,35226200,35226200,1,snv_mnv,NA,NA,"broad,muse,sanger",3,COSN19312922,NA,L1PB1,FALSE,0.1143,NA,4,31,NA,NA,NA,lincRNA,FALSE,FALSE,FALSE,FALSE,2,1,1,1_1,d88296ac-bb0d-47ab-9051-6c358f0af780,AC019064.1
2,40150983,40150983,1,snv_mnv,NA,NA,"broad,dkfz,muse,sanger",4,COSN19312865,NA,HAL1,FALSE,0.4474,NA,17,21,NA,NA,NA,RNA,FALSE,FALSE,FALSE,FALSE,2,1,1,1_1,d88296ac-bb0d-47ab-9051-6c358f0af780,NA
2,40408892,40408892,1,snv_mnv,NA,NA,"broad,dkfz,muse,sanger",4,COSN19313006,NA,NA,FALSE,0.1538,NA,6,33,NA,NA,NA,Intron,FALSE,FALSE,FALSE,FALSE,2,1,1,1_1,d88296ac-bb0d-47ab-9051-6c358f0af780,NA
2,41136709,41136709,1,snv_mnv,NA,NA,"broad,dkfz,muse,sanger",4,COSN19312947,NA,L1MA5A,FALSE,0.4412,NA,15,19,NA,NA,NA,IGR,FALSE,FALSE,FALSE,FALSE,2,1,1,1_1,d88296ac-bb0d-47ab-9051-6c358f0af780,NA
2,45932304,45932304,1,snv_mnv,NA,NA,"broad,dkfz,muse,sanger",4,COSN19312867,NA,NA,FALSE,0.1667,NA,6,30,NA,NA,NA,Intron,FALSE,FALSE,FALSE,FALSE,2,1,1,1_1,d88296ac-bb0d-47ab-9051-6c358f0af780,PRKCE
2,48982562,48982562,1,snv_mnv,NA,NA,"broad,dkfz,muse,sanger",4,COSN19312940,NA,NA,FALSE,0.2857,NA,8,20,NA,NA,NA,Intron,FALSE,FALSE,FALSE,FALSE,2,1,1,1_1,d88296ac-bb0d-47ab-9051-6c358f0af780,NA
2,49065044,49065044,1,snv_mnv,NA,NA,"broad,dkfz,muse,sanger",4,COSN19312933,NA,L1MA6,FALSE,0.625,NA,25,15,NA,NA,NA,IGR,FALSE,FALSE,FALSE,FALSE,2,1,1,1_1,d88296ac-bb0d-47ab-9051-6c358f0af780,NA
2,50832500,50832500,1,snv_mnv,NA,NA,"broad,muse,sanger",3,COSN19312931,NA,L2b,FALSE,0.1351,NA,5,32,NA,NA,NA,Intron,FALSE,FALSE,FALSE,FALSE,2,1,1,1_1,d88296ac-bb0d-47ab-9051-6c358f0af780,NA
2,51032638,51032638,1,snv_mnv,NA,NA,"broad,dkfz,muse,sanger",4,COSN19312976,NA,AluSz6,FALSE,0.5455,NA,12,10,NA,NA,NA,Intron,FALSE,FALSE,FALSE,FALSE,2,1,1,1_1,d88296ac-bb0d-47ab-9051-6c358f0af780,NA
2,51096352,51096352,1,snv_mnv,NA,NA,"broad,dkfz,muse,sanger",4,COSN19312608,NA,NA,FALSE,0.5385,NA,21,18,NA,NA,NA,Intron,FALSE,FALSE,FALSE,FALSE,2,1,1,1_1,d88296ac-bb0d-47ab-9051-6c358f0af780,NA
2,51225857,51225857,1,snv_mnv,NA,NA,"broad,dkfz,muse,sanger",4,COSN19312853,NA,NA,FALSE,0.4,NA,22,33,NA,NA,NA,Intron,FALSE,FALSE,FALSE,FALSE,2,1,1,1_1,d88296ac-bb0d-47ab-9051-6c358f0af780,NA
2,52321930,52321930,1,snv_mnv,NA,NA,"muse,sanger",2,COSN19312904,NA,L1MEg,FALSE,0.1579,NA,6,32,NA,NA,NA,lincRNA,FALSE,FALSE,TRUE,FALSE,2,1,1,1_1,d88296ac-bb0d-47ab-9051-6c358f0af780,NA
2,55553260,55553260,1,snv_mnv,NA,NA,"broad,dkfz,muse,sanger",4,COSN19312948,NA,L1ME2z,FALSE,0.4333,NA,13,17,NA,NA,NA,Intron,FALSE,FALSE,FALSE,FALSE,2,1,1,1_1,d88296ac-bb0d-47ab-9051-6c358f0af780,"AC012358.3,CCDC88A"
2,55982999,55982999,1,snv_mnv,NA,NA,"broad,muse",2,COSN19312990,rs779415600,AluSq2,FALSE,0.1795,NA,7,32,NA,NA,NA,IGR,FALSE,FALSE,FALSE,FALSE,2,1,1,1_1,d88296ac-bb0d-47ab-9051-6c358f0af780,NA
2,57571050,57571050,1,snv_mnv,NA,NA,"broad,dkfz,muse,sanger",4,COSN19312989,NA,L1MEf,FALSE,0.3721,NA,16,27,NA,NA,NA,IGR,FALSE,FALSE,FALSE,FALSE,2,1,1,1_1,d88296ac-bb0d-47ab-9051-6c358f0af780,NA
2,62884011,62884011,1,snv_mnv,NA,NA,"broad,dkfz,muse,sanger",4,COSN19312886,NA,NA,FALSE,0.1579,NA,6,32,NA,NA,NA,RNA,FALSE,FALSE,FALSE,FALSE,2,1,1,1_1,d88296ac-bb0d-47ab-9051-6c358f0af780,NA
2,65761029,65761029,1,snv_mnv,NA,NA,"broad,dkfz,muse,sanger",4,COSN19312856,NA,MER20,FALSE,0.2258,NA,7,24,NA,NA,NA,lincRNA,FALSE,FALSE,FALSE,FALSE,2,1,1,1_1,d88296ac-bb0d-47ab-9051-6c358f0af780,NA
2,66357325,66357325,1,snv_mnv,NA,NA,"broad,dkfz,muse,sanger",4,COSN19313015,NA,NA,FALSE,0.5152,NA,17,16,NA,NA,NA,IGR,FALSE,FALSE,FALSE,FALSE,2,1,1,1_1,d88296ac-bb0d-47ab-9051-6c358f0af780,NA
2,66914062,66914062,1,snv_mnv,NA,NA,"dkfz,sanger",2,COSN19312889,NA,NA,FALSE,0.5405,NA,20,17,NA,NA,NA,lincRNA,FALSE,FALSE,FALSE,FALSE,2,1,1,1_1,d88296ac-bb0d-47ab-9051-6c358f0af780,LINC01798
2,68320577,68320577,1,snv_mnv,NA,NA,"broad,dkfz,muse,sanger",4,COSN19312984,NA,NA,FALSE,0.1842,NA,7,31,NA,NA,NA,Intron,FALSE,FALSE,FALSE,FALSE,2,1,1,1_1,d88296ac-bb0d-47ab-9051-6c358f0af780,NA
2,68423757,68423757,1,snv_mnv,NA,NA,"broad,dkfz,muse,sanger",4,COSN19313020,NA,NA,FALSE,0.625,NA,20,12,NA,NA,NA,Intron,FALSE,FALSE,FALSE,FALSE,2,1,1,1_1,d88296ac-bb0d-47ab-9051-6c358f0af780,NA
2,74163398,74163398,1,snv_mnv,NA,NA,"broad,dkfz,muse,sanger",4,COSN19312970,NA,NA,FALSE,0.1935,NA,6,25,NA,NA,NA,Intron,FALSE,FALSE,FALSE,FALSE,2,1,1,1_1,d88296ac-bb0d-47ab-9051-6c358f0af780,NA
2,76716704,76716704,1,snv_mnv,NA,NA,"broad,dkfz,muse,sanger",4,COSN19312905,NA,L2a,FALSE,0.2391,NA,11,35,NA,NA,NA,IGR,FALSE,FALSE,FALSE,FALSE,2,1,1,1_1,d88296ac-bb0d-47ab-9051-6c358f0af780,NA
2,76871064,76871064,1,snv_mnv,NA,NA,"dkfz,sanger",2,COSN19312861,NA,MLT1I,FALSE,0.3415,NA,14,27,NA,NA,NA,IGR,FALSE,FALSE,TRUE,FALSE,2,1,1,1_1,d88296ac-bb0d-47ab-9051-6c358f0af780,NA
2,77250992,77250992,1,snv_mnv,NA,NA,"broad,dkfz,muse,sanger",4,COSN19312971,NA,THE1A-int,FALSE,0.2593,NA,7,20,NA,NA,NA,Intron,FALSE,FALSE,FALSE,FALSE,2,1,1,1_1,d88296ac-bb0d-47ab-9051-6c358f0af780,NA
2,77434088,77434088,1,snv_mnv,NA,NA,"broad,dkfz,muse,sanger",4,COSN19313021,NA,NA,FALSE,0.1852,NA,5,22,NA,NA,NA,Intron,FALSE,FALSE,FALSE,FALSE,2,1,1,1_1,d88296ac-bb0d-47ab-9051-6c358f0af780,NA
2,78508185,78508185,1,snv_mnv,NA,NA,"broad,dkfz,muse,sanger",4,COSN19312951,NA,L2,FALSE,0.2353,NA,8,26,NA,NA,NA,IGR,FALSE,FALSE,FALSE,FALSE,2,1,1,1_1,d88296ac-bb0d-47ab-9051-6c358f0af780,NA
2,78792164,78792164,1,snv_mnv,NA,NA,"broad,dkfz,muse,sanger",4,COSN19312953,NA,NA,FALSE,0.1304,NA,6,40,NA,NA,NA,IGR,FALSE,FALSE,FALSE,FALSE,2,1,1,1_1,d88296ac-bb0d-47ab-9051-6c358f0af780,NA
2,79613808,79613808,1,snv_mnv,NA,NA,"broad,dkfz,muse,sanger",4,COSN19312994,NA,NA,FALSE,0.2368,NA,9,29,NA,NA,NA,Intron,FALSE,FALSE,FALSE,FALSE,2,1,1,1_1,d88296ac-bb0d-47ab-9051-6c358f0af780,NA
2,79934687,79934687,1,snv_mnv,NA,NA,"broad,dkfz,muse,sanger",4,COSN19312874,NA,NA,FALSE,0.2593,NA,7,20,NA,NA,NA,Intron,FALSE,FALSE,FALSE,FALSE,2,1,1,1_1,d88296ac-bb0d-47ab-9051-6c358f0af780,NA
2,81015636,81015636,1,snv_mnv,NA,NA,"broad,dkfz,muse,sanger",4,COSN19312963,NA,NA,FALSE,0.3636,NA,12,21,NA,NA,NA,lincRNA,FALSE,FALSE,FALSE,FALSE,2,1,1,1_1,d88296ac-bb0d-47ab-9051-6c358f0af780,NA
2,81170069,81170069,1,snv_mnv,NA,NA,"broad,dkfz,muse,sanger",4,COSN19312895,NA,NA,FALSE,0.5938,NA,19,13,NA,NA,NA,IGR,FALSE,FALSE,FALSE,FALSE,2,1,1,1_1,d88296ac-bb0d-47ab-9051-6c358f0af780,NA
2,81487134,81487134,1,snv_mnv,NA,NA,"broad,dkfz,muse,sanger",4,COSN19312858,NA,NA,FALSE,0.4054,NA,15,22,NA,NA,NA,IGR,FALSE,FALSE,FALSE,FALSE,2,1,1,1_1,d88296ac-bb0d-47ab-9051-6c358f0af780,NA
2,82369746,82369746,1,snv_mnv,NA,NA,"broad,muse,sanger",3,COSN17821309,NA,L2,FALSE,0.1026,NA,4,35,NA,NA,NA,IGR,FALSE,FALSE,FALSE,FALSE,2,1,1,1_1,d88296ac-bb0d-47ab-9051-6c358f0af780,NA
2,83387338,83387338,1,snv_mnv,NA,NA,"broad,muse,sanger",3,COSN19312914,NA,HERVL-int,FALSE,0.1818,NA,6,27,NA,NA,NA,IGR,FALSE,FALSE,FALSE,FALSE,2,1,1,1_1,d88296ac-bb0d-47ab-9051-6c358f0af780,NA
2,83463188,83463188,1,snv_mnv,NA,NA,"broad,dkfz,muse,sanger",4,COSN19312919,NA,LTR90A,FALSE,0.4419,NA,19,24,NA,NA,NA,IGR,FALSE,FALSE,FALSE,FALSE,2,1,1,1_1,d88296ac-bb0d-47ab-9051-6c358f0af780,NA
2,83840332,83840332,1,snv_mnv,NA,NA,"broad,muse,sanger",3,COSN19312880,NA,NA,FALSE,0.1951,NA,8,33,NA,NA,NA,IGR,FALSE,FALSE,FALSE,FALSE,2,1,1,1_1,d88296ac-bb0d-47ab-9051-6c358f0af780,NA
2,83875011,83875011,1,snv_mnv,NA,NA,"broad,dkfz,muse",3,COSN19312979,NA,MER61A,FALSE,0.1905,NA,8,34,NA,NA,NA,IGR,FALSE,FALSE,FALSE,FALSE,2,1,1,1_1,d88296ac-bb0d-47ab-9051-6c358f0af780,NA
2,84139427,84139427,1,snv_mnv,NA,NA,"broad,dkfz,muse,sanger",4,COSN19312955,NA,MLT1D-int,FALSE,0.2308,NA,9,30,NA,NA,NA,IGR,FALSE,FALSE,FALSE,FALSE,2,1,1,1_1,d88296ac-bb0d-47ab-9051-6c358f0af780,NA
2,86297408,86297408,1,snv_mnv,NA,NA,"broad,dkfz,muse,sanger",4,COSN19312898,NA,NA,FALSE,0.1842,NA,7,31,NA,NA,NA,Intron,FALSE,FALSE,FALSE,FALSE,2,1,1,1_1,d88296ac-bb0d-47ab-9051-6c358f0af780,POLR1A
2,89158991,89158991,1,snv_mnv,5.9904e-4,rs187637999,"broad,dkfz,muse,sanger",4,COSN19312907,rs187637999,NA,FALSE,0.9231,NA,12,1,NA,NA,NA,RNA,FALSE,FALSE,FALSE,FALSE,1,1,0,1_0,d88296ac-bb0d-47ab-9051-6c358f0af780,"IGKJ4,IGKJ5,IGKJ3,IGKJ2,IGKC,IGKJ1"
2,89159568,89159568,1,snv_mnv,5.9904e-4,rs549293697,"broad,dkfz,muse,sanger",4,COSN19312582,rs549293697,NA,FALSE,0.0606,NA,2,31,NA,NA,NA,RNA,FALSE,FALSE,FALSE,FALSE,1,1,0,1_0,d88296ac-bb0d-47ab-9051-6c358f0af780,NA
2,89159570,89159570,1,snv_mnv,NA,NA,"broad,dkfz,muse,sanger",4,COSN19312983,rs192344651,NA,FALSE,0.0303,NA,1,32,NA,NA,NA,RNA,FALSE,FALSE,FALSE,FALSE,1,1,0,1_0,d88296ac-bb0d-47ab-9051-6c358f0af780,NA
2,89159574,89159574,1,snv_mnv,9.984e-4,rs181920455,"broad,dkfz,muse,sanger",4,COSN4808455,rs181920455,NA,FALSE,0.0323,NA,1,30,NA,NA,NA,RNA,FALSE,FALSE,FALSE,FALSE,1,1,0,1_0,d88296ac-bb0d-47ab-9051-6c358f0af780,"IGKJ5,IGKJ1,IGKJ3,IGKC,IGKJ2,IGKJ4"
2,89159633,89159633,1,snv_mnv,NA,NA,"broad,dkfz,muse,sanger",4,COSN19312866,NA,NA,FALSE,0.1481,NA,4,23,NA,NA,NA,RNA,FALSE,FALSE,FALSE,TRUE,1,1,0,1_0,d88296ac-bb0d-47ab-9051-6c358f0af780,NA
2,89159656,89159656,1,snv_mnv,NA,NA,"broad,dkfz,muse,sanger",4,COSN19312915,rs576893708,NA,FALSE,0.25,NA,8,24,NA,NA,NA,RNA,FALSE,FALSE,FALSE,FALSE,1,1,0,1_0,d88296ac-bb0d-47ab-9051-6c358f0af780,"IGKC,IGKJ5,IGKJ2,IGKJ3,IGKJ4,IGKJ1"
2,89159743,89159743,1,snv_mnv,NA,NA,"broad,dkfz,muse,sanger",4,COSN19312975,NA,NA,FALSE,0.4,NA,12,18,NA,NA,NA,RNA,FALSE,FALSE,FALSE,FALSE,1,1,0,1_0,d88296ac-bb0d-47ab-9051-6c358f0af780,"IGKJ4,IGKJ1,IGKJ2,IGKJ5,IGKC,IGKJ3"
2,89159747,89159747,1,snv_mnv,NA,NA,"broad,dkfz,muse,sanger",4,COSN19312893,NA,NA,FALSE,0.3871,NA,12,19,NA,NA,NA,RNA,FALSE,FALSE,FALSE,FALSE,1,1,0,1_0,d88296ac-bb0d-47ab-9051-6c358f0af780,NA
2,89159781,89159781,1,snv_mnv,3.9936e-4,rs540966655,"broad,dkfz,muse,sanger",4,COSN19312885,rs540966655,NA,FALSE,0.0882,NA,3,31,NA,NA,NA,RNA,FALSE,FALSE,FALSE,FALSE,1,1,0,1_0,d88296ac-bb0d-47ab-9051-6c358f0af780,"IGKJ4,IGKJ3,IGKC,IGKJ5,IGKJ1,IGKJ2"
2,89159859,89159859,1,snv_mnv,NA,NA,"broad,dkfz,muse,sanger",4,COSN19312936,rs111320636,NA,FALSE,0.3421,NA,13,25,NA,NA,NA,RNA,FALSE,FALSE,FALSE,FALSE,1,1,0,1_0,d88296ac-bb0d-47ab-9051-6c358f0af780,"IGKJ4,IGKJ5,IGKJ1,IGKJ3,IGKC,IGKJ2"
2,89159894,89159894,1,snv_mnv,NA,NA,"broad,dkfz,sanger",3,COSN4808502,rs76570190,NA,FALSE,0.0645,NA,2,29,NA,NA,NA,RNA,FALSE,FALSE,FALSE,FALSE,1,1,0,1_0,d88296ac-bb0d-47ab-9051-6c358f0af780,NA
2,89160162,89160162,1,snv_mnv,NA,NA,"broad,dkfz,muse,sanger",4,COSN19312877,NA,NA,FALSE,0.3529,NA,12,22,NA,NA,NA,RNA,FALSE,FALSE,FALSE,FALSE,1,1,0,1_0,d88296ac-bb0d-47ab-9051-6c358f0af780,NA
2,89160177,89160177,1,snv_mnv,NA,NA,"broad,dkfz,muse,sanger",4,COSN19312884,rs144003782,NA,FALSE,NA,NA,NA,NA,NA,NA,NA,RNA,FALSE,FALSE,FALSE,FALSE,1,1,0,1_0,d88296ac-bb0d-47ab-9051-6c358f0af780,NA
2,89160190,89160190,1,snv_mnv,NA,NA,"broad,dkfz,muse,sanger",4,COSN19312974,NA,NA,FALSE,NA,NA,NA,NA,NA,NA,NA,RNA,FALSE,FALSE,FALSE,FALSE,1,1,0,1_0,d88296ac-bb0d-47ab-9051-6c358f0af780,NA
2,89160218,89160218,1,snv_mnv,NA,NA,"broad,dkfz,muse,sanger",4,COSN19312854,NA,NA,FALSE,0.4231,NA,11,15,NA,NA,NA,RNA,FALSE,FALSE,FALSE,FALSE,1,1,0,1_0,d88296ac-bb0d-47ab-9051-6c358f0af780,"IGKC,IGKJ4,IGKJ1,IGKJ2,IGKJ5,IGKJ3"
2,89160245,89160245,1,snv_mnv,NA,NA,"broad,dkfz,muse,sanger",4,COSN19187195,NA,NA,FALSE,NA,NA,NA,NA,NA,NA,NA,RNA,FALSE,FALSE,FALSE,FALSE,1,1,0,1_0,d88296ac-bb0d-47ab-9051-6c358f0af780,"IGKJ4,IGKJ5,IGKJ2,IGKC,IGKJ1,IGKJ3"
2,89160268,89160268,1,snv_mnv,NA,NA,"broad,dkfz,muse,sanger",4,COSN19312902,NA,NA,FALSE,0.1818,NA,4,18,NA,NA,NA,RNA,FALSE,FALSE,FALSE,FALSE,1,1,0,1_0,d88296ac-bb0d-47ab-9051-6c358f0af780,NA
2,89160283,89160283,1,snv_mnv,NA,NA,"broad,dkfz,sanger",3,COSN19312938,NA,NA,FALSE,0.0455,NA,1,21,NA,NA,NA,RNA,FALSE,FALSE,FALSE,FALSE,1,1,0,1_0,d88296ac-bb0d-47ab-9051-6c358f0af780,"IGKJ1,IGKC,IGKJ3,IGKJ4,IGKJ5,IGKJ2"
2,89160295,89160295,1,snv_mnv,NA,NA,"dkfz,sanger",2,COSN4808558,rs141710218,NA,FALSE,0.1,NA,2,18,NA,NA,NA,RNA,FALSE,FALSE,FALSE,FALSE,1,1,0,1_0,d88296ac-bb0d-47ab-9051-6c358f0af780,"IGKJ3,IGKJ5,IGKJ4,IGKJ2,IGKJ1,IGKC"
2,89160328,89160328,1,snv_mnv,NA,NA,"broad,dkfz,sanger",3,COSN19312918,NA,NA,FALSE,0.0769,NA,2,24,NA,NA,NA,RNA,FALSE,FALSE,FALSE,FALSE,1,1,0,1_0,d88296ac-bb0d-47ab-9051-6c358f0af780,"IGKJ2,IGKJ1,IGKJ5,IGKC,IGKJ3,IGKJ4"
2,89160330,89160330,1,snv_mnv,NA,NA,"broad,dkfz,muse,sanger",4,COSN4808571,rs369947940,NA,FALSE,0.1111,NA,3,24,NA,NA,NA,RNA,FALSE,FALSE,FALSE,FALSE,1,1,0,1_0,d88296ac-bb0d-47ab-9051-6c358f0af780,NA
2,89160395,89160395,1,snv_mnv,NA,NA,"broad,dkfz,muse,sanger",4,COSN19312916,NA,NA,FALSE,0.3929,NA,11,17,NA,NA,NA,RNA,FALSE,FALSE,FALSE,FALSE,1,1,0,1_0,d88296ac-bb0d-47ab-9051-6c358f0af780,"IGKJ4,IGKC,IGKJ1,IGKJ5,IGKJ2,IGKJ3"
2,89160474,89160474,1,snv_mnv,NA,NA,"broad,dkfz,muse,sanger",4,COSN19312993,rs370310824,NA,FALSE,0.2581,NA,8,23,NA,NA,NA,RNA,FALSE,FALSE,FALSE,FALSE,1,1,0,1_0,d88296ac-bb0d-47ab-9051-6c358f0af780,"IGKJ3,IGKJ4,IGKC,IGKJ5,IGKJ1,IGKJ2"
2,89160485,89160485,1,snv_mnv,NA,NA,"broad,dkfz,muse,sanger",4,COSN4808589,rs146963776,NA,FALSE,0.2333,NA,7,23,NA,NA,NA,RNA,FALSE,FALSE,FALSE,FALSE,1,1,0,1_0,d88296ac-bb0d-47ab-9051-6c358f0af780,"IGKJ2,IGKC,IGKJ4,IGKJ3,IGKJ1,IGKJ5"
2,89160553,89160553,1,snv_mnv,NA,NA,"broad,dkfz,muse,sanger",4,COSN4605880,rs745820189,NA,FALSE,0.0909,NA,2,20,NA,NA,NA,RNA,FALSE,FALSE,FALSE,FALSE,1,1,0,1_0,d88296ac-bb0d-47ab-9051-6c358f0af780,"IGKJ2,IGKC,IGKJ5,IGKJ3,IGKJ4,IGKJ1"
2,89160564,89160564,1,snv_mnv,NA,NA,"broad,dkfz,muse,sanger",4,COSN19312925,NA,NA,FALSE,0.05,NA,1,19,NA,NA,NA,RNA,FALSE,FALSE,FALSE,FALSE,1,1,0,1_0,d88296ac-bb0d-47ab-9051-6c358f0af780,"IGKJ2,IGKJ1,IGKJ5,IGKJ4,IGKJ3,IGKC"
2,89160686,89160686,1,snv_mnv,3.9936e-4,rs150823905,"broad,dkfz,muse,sanger",4,COSN19032745,rs150823905,NA,FALSE,0.1538,NA,2,11,NA,NA,NA,RNA,FALSE,FALSE,FALSE,FALSE,1,1,0,1_0,d88296ac-bb0d-47ab-9051-6c358f0af780,NA
2,89292064,89292064,1,snv_mnv,NA,NA,"broad,dkfz,muse,sanger",4,COSN19312863,NA,NA,FALSE,0.5909,NA,13,9,NA,NA,NA,RNA,FALSE,FALSE,FALSE,FALSE,2,1,1,1_1,d88296ac-bb0d-47ab-9051-6c358f0af780,NA
2,89292078,89292078,1,snv_mnv,NA,NA,"broad,muse,sanger",3,COSN19313025,rs746450497,NA,FALSE,0.6429,NA,9,5,NA,NA,NA,RNA,FALSE,FALSE,FALSE,FALSE,2,1,1,1_1,d88296ac-bb0d-47ab-9051-6c358f0af780,NA
2,89292121,89292121,1,snv_mnv,3.9936e-4,rs541625602,"broad,muse",2,COSN19313014,rs541625602,NA,FALSE,0.2941,NA,5,12,NA,NA,NA,RNA,FALSE,FALSE,FALSE,FALSE,2,1,1,1_1,d88296ac-bb0d-47ab-9051-6c358f0af780,NA
2,89292183,89292183,1,snv_mnv,NA,NA,"broad,muse",2,COSN19312998,NA,NA,FALSE,0.1111,NA,3,24,NA,NA,NA,RNA,FALSE,FALSE,FALSE,FALSE,2,1,1,1_1,d88296ac-bb0d-47ab-9051-6c358f0af780,NA
2,89292249,89292249,1,snv_mnv,NA,NA,"broad,muse,sanger",3,COSN19312960,rs372664913,NA,FALSE,0.0385,NA,1,25,NA,NA,NA,RNA,FALSE,FALSE,FALSE,FALSE,2,1,1,1_1,d88296ac-bb0d-47ab-9051-6c358f0af780,NA
2,89292255,89292255,1,snv_mnv,NA,NA,"broad,muse,sanger",3,COSN19313013,rs549407328,NA,FALSE,0.0741,NA,2,25,NA,NA,NA,RNA,FALSE,FALSE,TRUE,FALSE,2,1,1,1_1,d88296ac-bb0d-47ab-9051-6c358f0af780,NA
2,89361762,89361762,1,snv_mnv,NA,NA,"broad,muse,sanger",3,COSN19313010,NA,MLT1E1A,FALSE,0.24,NA,6,19,NA,NA,NA,IGR,FALSE,FALSE,FALSE,FALSE,2,1,1,1_1,d88296ac-bb0d-47ab-9051-6c358f0af780,NA
2,95916096,95916096,1,snv_mnv,NA,NA,"broad,dkfz,muse,sanger",4,COSN19313017,NA,MER34B-int,FALSE,0.4545,NA,15,18,NA,NA,NA,IGR,FALSE,FALSE,FALSE,FALSE,2,1,1,1_1,d88296ac-bb0d-47ab-9051-6c358f0af780,NA
2,100272675,100272675,1,snv_mnv,NA,NA,"broad,dkfz,muse,sanger",4,COSN19312997,NA,NA,FALSE,0.2963,NA,8,19,NA,NA,NA,Intron,FALSE,FALSE,TRUE,FALSE,2,1,1,1_1,d88296ac-bb0d-47ab-9051-6c358f0af780,NA
2,100755093,100755093,1,snv_mnv,NA,NA,"broad,dkfz,muse,sanger",4,COSN19312929,NA,NA,FALSE,0.1481,NA,4,23,NA,NA,NA,Intron,FALSE,FALSE,FALSE,FALSE,2,1,1,1_1,d88296ac-bb0d-47ab-9051-6c358f0af780,NA
2,104244662,104244662,1,snv_mnv,NA,NA,"broad,dkfz,muse,sanger",4,COSN19312917,NA,NA,FALSE,0.2326,NA,10,33,NA,NA,NA,IGR,FALSE,FALSE,FALSE,FALSE,2,1,1,1_1,d88296ac-bb0d-47ab-9051-6c358f0af780,AC018880.2
2,106268684,106268684,1,snv_mnv,1.9968e-4,rs573539974,"broad,dkfz,muse,sanger",4,COSN19313003,rs573539974,NA,FALSE,0.1714,NA,6,29,NA,NA,NA,IGR,FALSE,FALSE,FALSE,FALSE,2,1,1,1_1,d88296ac-bb0d-47ab-9051-6c358f0af780,NA
2,108613616,108613616,1,snv_mnv,NA,NA,"broad,muse,sanger",3,COSN19312964,NA,Tigger3a,FALSE,0.1379,NA,4,25,NA,NA,NA,Intron,FALSE,FALSE,FALSE,FALSE,2,1,1,1_1,d88296ac-bb0d-47ab-9051-6c358f0af780,NA
2,111489610,111489610,1,snv_mnv,NA,NA,"broad,dkfz,muse,sanger",4,COSN19312937,NA,NA,FALSE,0.2105,NA,8,30,NA,NA,NA,5'Flank,FALSE,FALSE,TRUE,FALSE,2,1,1,1_1,d88296ac-bb0d-47ab-9051-6c358f0af780,ACOXL
2,111854812,111854812,1,snv_mnv,NA,NA,"broad,dkfz,muse,sanger",4,COSN19312930,NA,L1MEg,FALSE,0.5484,NA,17,14,NA,NA,NA,IGR,FALSE,FALSE,FALSE,FALSE,2,1,1,1_1,d88296ac-bb0d-47ab-9051-6c358f0af780,"ACOXL-AS1,ACOXL"
2,111881394,111881394,1,snv_mnv,NA,NA,"broad,dkfz,muse,sanger",4,COSM5419573,NA,NA,FALSE,0.2857,NA,8,20,NA,NA,NA,Silent,FALSE,FALSE,FALSE,FALSE,2,1,1,1_1,d88296ac-bb0d-47ab-9051-6c358f0af780,NA
2,115623782,115623782,1,snv_mnv,NA,NA,"broad,dkfz,muse,sanger",4,COSN19312891,NA,NA,FALSE,0.5116,NA,22,21,NA,NA,NA,Intron,FALSE,FALSE,FALSE,FALSE,2,1,1,1_1,d88296ac-bb0d-47ab-9051-6c358f0af780,NA
2,115861251,115861251,1,snv_mnv,NA,NA,"broad,dkfz,muse,sanger",4,COSN19312934,NA,NA,FALSE,0.1765,NA,6,28,NA,NA,NA,Intron,FALSE,FALSE,FALSE,FALSE,2,1,1,1_1,d88296ac-bb0d-47ab-9051-6c358f0af780,NA
2,117205135,117205135,1,snv_mnv,NA,NA,"broad,dkfz,muse,sanger",4,COSN19312875,NA,NA,FALSE,0.1389,NA,5,31,NA,NA,NA,IGR,FALSE,FALSE,FALSE,FALSE,2,1,1,1_1,d88296ac-bb0d-47ab-9051-6c358f0af780,NA
2,117417974,117417974,1,snv_mnv,NA,NA,"broad,muse,sanger",3,COSN19312911,NA,L1M1,FALSE,0.1389,NA,5,31,NA,NA,NA,IGR,FALSE,FALSE,TRUE,FALSE,2,1,1,1_1,d88296ac-bb0d-47ab-9051-6c358f0af780,NA
2,118027847,118027847,1,snv_mnv,NA,NA,"broad,dkfz,muse,sanger",4,COSN19312946,NA,NA,FALSE,0.1351,NA,5,32,NA,NA,NA,IGR,FALSE,FALSE,TRUE,FALSE,2,1,1,1_1,d88296ac-bb0d-47ab-9051-6c358f0af780,NA
2,123888593,123888593,1,snv_mnv,NA,NA,"dkfz,sanger",2,COSN19313012,NA,MLT2B1,FALSE,0.4524,NA,19,23,NA,NA,NA,IGR,FALSE,FALSE,FALSE,FALSE,2,1,1,1_1,d88296ac-bb0d-47ab-9051-6c358f0af780,NA
2,124081857,124081857,1,snv_mnv,NA,NA,"broad,dkfz,muse,sanger",4,COSN19312909,NA,NA,FALSE,0.1538,NA,8,44,NA,NA,NA,IGR,FALSE,FALSE,FALSE,FALSE,2,1,1,1_1,d88296ac-bb0d-47ab-9051-6c358f0af780,NA
2,124127925,124127925,1,snv_mnv,NA,NA,"broad,dkfz,muse,sanger",4,COSN19312859,NA,L1PA15,FALSE,0.5,NA,17,17,NA,NA,NA,IGR,FALSE,FALSE,FALSE,FALSE,2,1,1,1_1,d88296ac-bb0d-47ab-9051-6c358f0af780,NA
2,124579204,124579204,1,snv_mnv,NA,NA,"broad,dkfz,muse,sanger",4,COSN19312912,NA,L1MC3,FALSE,0.2424,NA,8,25,NA,NA,NA,IGR,FALSE,FALSE,FALSE,FALSE,2,1,1,1_1,d88296ac-bb0d-47ab-9051-6c358f0af780,NA
2,124658979,124658979,1,snv_mnv,NA,NA,"broad,dkfz,muse,sanger",4,COSN19312941,NA,L1MA4,FALSE,0.5,NA,11,11,NA,NA,NA,IGR,FALSE,FALSE,FALSE,FALSE,2,1,1,1_1,d88296ac-bb0d-47ab-9051-6c358f0af780,NA
2,124938792,124938792,1,snv_mnv,NA,NA,"broad,dkfz,muse,sanger",4,COSN19312943,NA,NA,FALSE,0.2051,NA,8,31,NA,NA,NA,Intron,FALSE,FALSE,FALSE,FALSE,2,1,1,1_1,d88296ac-bb0d-47ab-9051-6c358f0af780,NA
2,125526931,125526931,1,snv_mnv,NA,NA,"broad,dkfz,muse,sanger",4,COSN19312987,NA,L2b,FALSE,0.5897,NA,23,16,NA,NA,NA,Intron,FALSE,FALSE,TRUE,FALSE,2,1,1,1_1,d88296ac-bb0d-47ab-9051-6c358f0af780,NA
2,125950497,125950497,1,snv_mnv,NA,NA,"broad,dkfz,muse,sanger",4,COSN19312879,NA,L1PREC2,FALSE,0.275,NA,11,29,NA,NA,NA,IGR,FALSE,FALSE,FALSE,FALSE,2,1,1,1_1,d88296ac-bb0d-47ab-9051-6c358f0af780,NA
2,126539886,126539886,1,snv_mnv,NA,NA,"broad,muse,sanger",3,COSN19312913,NA,Tigger2b,FALSE,0.1667,NA,5,25,NA,NA,NA,IGR,FALSE,FALSE,FALSE,FALSE,2,1,1,1_1,d88296ac-bb0d-47ab-9051-6c358f0af780,NA
2,126919411,126919411,1,snv_mnv,NA,NA,"broad,dkfz,muse,sanger",4,COSN19312868,NA,L1PA7,FALSE,0.4062,NA,13,19,NA,NA,NA,IGR,FALSE,FALSE,FALSE,FALSE,2,1,1,1_1,d88296ac-bb0d-47ab-9051-6c358f0af780,NA
2,127005229,127005229,1,snv_mnv,NA,NA,"broad,dkfz,muse,sanger",4,COSN19312878,NA,LTR33A,FALSE,0.4138,NA,12,17,NA,NA,NA,IGR,FALSE,FALSE,FALSE,FALSE,2,1,1,1_1,d88296ac-bb0d-47ab-9051-6c358f0af780,NA
2,129292599,129292599,1,snv_mnv,NA,NA,"broad,dkfz,muse,sanger",4,COSN19312969,NA,LTR23,FALSE,0.4634,NA,19,22,NA,NA,NA,IGR,FALSE,FALSE,FALSE,FALSE,2,1,1,1_1,d88296ac-bb0d-47ab-9051-6c358f0af780,NA
2,130677896,130677896,1,snv_mnv,NA,NA,"broad,dkfz,muse,sanger",4,COSN19313026,NA,L1M4c,FALSE,0.1579,NA,6,32,NA,NA,NA,lincRNA,FALSE,FALSE,FALSE,FALSE,2,1,1,1_1,d88296ac-bb0d-47ab-9051-6c358f0af780,"PLAC9P1,LINC01856"
2,131416824,131416824,1,snv_mnv,NA,NA,"broad,muse,sanger",3,COSN19312605,NA,L1PA12,FALSE,0.2121,NA,7,26,NA,NA,NA,IGR,FALSE,FALSE,FALSE,FALSE,2,1,1,1_1,d88296ac-bb0d-47ab-9051-6c358f0af780,POTEJ
2,131419624,131419624,1,snv_mnv,NA,NA,"broad,muse,sanger",3,COSN19312926,NA,NA,FALSE,0.3182,NA,7,15,NA,NA,NA,IGR,FALSE,FALSE,TRUE,FALSE,2,1,1,1_1,d88296ac-bb0d-47ab-9051-6c358f0af780,POTEJ
2,133874265,133874265,1,snv_mnv,NA,NA,"broad,muse",2,COSN19313018,NA,NA,FALSE,0.1282,NA,5,34,NA,NA,NA,Intron,FALSE,FALSE,TRUE,FALSE,2,1,1,1_1,d88296ac-bb0d-47ab-9051-6c358f0af780,AC011755.1
2,134535064,134535064,1,snv_mnv,NA,NA,"broad,dkfz,muse,sanger",4,COSN19312900,NA,NA,FALSE,0.28,NA,7,18,NA,NA,NA,IGR,FALSE,FALSE,FALSE,FALSE,2,1,1,1_1,d88296ac-bb0d-47ab-9051-6c358f0af780,NA
2,138233207,138233207,1,snv_mnv,NA,NA,"broad,dkfz,muse,sanger",4,COSN19312869,NA,L1MA4A,FALSE,0.1463,NA,6,35,NA,NA,NA,Intron,FALSE,FALSE,FALSE,FALSE,2,1,1,1_1,d88296ac-bb0d-47ab-9051-6c358f0af780,NA
2,139857027,139857027,1,snv_mnv,NA,NA,"broad,dkfz,muse,sanger",4,COSN19312862,NA,NA,FALSE,0.1538,NA,6,33,NA,NA,NA,IGR,FALSE,FALSE,FALSE,FALSE,2,1,1,1_1,d88296ac-bb0d-47ab-9051-6c358f0af780,NA
2,140265176,140265176,1,snv_mnv,NA,NA,"broad,dkfz,muse,sanger",4,COSN19312872,NA,L1PA16,FALSE,0.2308,NA,9,30,NA,NA,NA,IGR,FALSE,FALSE,FALSE,FALSE,2,1,1,1_1,d88296ac-bb0d-47ab-9051-6c358f0af780,RF00139
2,140331821,140331821,1,snv_mnv,NA,NA,"broad,dkfz,muse,sanger",4,COSN19312927,NA,L3,FALSE,0.4,NA,14,21,NA,NA,NA,IGR,FALSE,FALSE,FALSE,FALSE,2,1,1,1_1,d88296ac-bb0d-47ab-9051-6c358f0af780,NA
2,141029030,141029030,1,snv_mnv,NA,NA,"broad,dkfz,muse,sanger",4,COSN19313007,NA,NA,FALSE,0.1636,NA,9,46,NA,NA,NA,Intron,FALSE,FALSE,FALSE,FALSE,2,1,1,1_1,d88296ac-bb0d-47ab-9051-6c358f0af780,NA
2,142033458,142033458,1,snv_mnv,NA,NA,"broad,dkfz,muse,sanger",4,COSN19312956,NA,HAL1,FALSE,0.5,NA,18,18,NA,NA,NA,Intron,FALSE,FALSE,FALSE,FALSE,2,1,1,1_1,d88296ac-bb0d-47ab-9051-6c358f0af780,NA
2,142066108,142066108,1,snv_mnv,NA,NA,"broad,dkfz,muse,sanger",4,COSN19313016,NA,NA,FALSE,0.375,NA,15,25,NA,NA,NA,Intron,FALSE,FALSE,FALSE,FALSE,2,1,1,1_1,d88296ac-bb0d-47ab-9051-6c358f0af780,NA
2,146880299,146880299,1,snv_mnv,NA,NA,"broad,dkfz,muse,sanger",4,COSN19312870,NA,LTR79,FALSE,0.2759,NA,8,21,NA,NA,NA,IGR,FALSE,FALSE,FALSE,FALSE,2,1,1,1_1,d88296ac-bb0d-47ab-9051-6c358f0af780,NA
2,148718038,148718038,1,snv_mnv,NA,NA,"broad,dkfz,muse,sanger",4,COSN19312932,NA,NA,FALSE,0.5283,NA,28,25,NA,NA,NA,Intron,FALSE,FALSE,FALSE,FALSE,2,1,1,1_1,d88296ac-bb0d-47ab-9051-6c358f0af780,ORC4
2,150706163,150706163,1,snv_mnv,NA,NA,"broad,dkfz,muse,sanger",4,COSN19312965,NA,NA,FALSE,0.1429,NA,6,36,NA,NA,NA,RNA,FALSE,FALSE,TRUE,FALSE,2,1,1,1_1,d88296ac-bb0d-47ab-9051-6c358f0af780,AC007364.1
2,151497989,151497989,1,snv_mnv,1.9968e-4,rs568061776,"broad,dkfz,muse,sanger",4,COSN19313023,rs568061776,L1ME4a,FALSE,0.1905,NA,8,34,NA,NA,NA,IGR,FALSE,FALSE,FALSE,FALSE,2,1,1,1_1,d88296ac-bb0d-47ab-9051-6c358f0af780,NA
2,151951180,151951180,1,snv_mnv,NA,NA,"broad,dkfz,muse,sanger",4,COSN19312864,NA,L1PA11,FALSE,0.6552,NA,19,10,NA,NA,NA,IGR,FALSE,FALSE,FALSE,FALSE,2,1,1,1_1,d88296ac-bb0d-47ab-9051-6c358f0af780,NA
2,155546446,155546446,1,snv_mnv,NA,NA,"broad,dkfz,muse,sanger",4,COSN19312985,NA,NA,FALSE,0.6053,NA,23,15,NA,NA,NA,IGR,FALSE,FALSE,TRUE,FALSE,2,1,1,1_1,d88296ac-bb0d-47ab-9051-6c358f0af780,NA
2,155605923,155605923,1,snv_mnv,NA,NA,"broad,dkfz,muse,sanger",4,COSN19312906,NA,NA,FALSE,0.1905,NA,8,34,NA,NA,NA,Intron,FALSE,FALSE,FALSE,FALSE,2,1,1,1_1,d88296ac-bb0d-47ab-9051-6c358f0af780,NA
2,156629514,156629514,1,snv_mnv,NA,NA,"broad,dkfz,muse,sanger",4,COSN19313000,NA,NA,FALSE,0.5263,NA,20,18,NA,NA,NA,IGR,FALSE,FALSE,FALSE,FALSE,2,1,1,1_1,d88296ac-bb0d-47ab-9051-6c358f0af780,NA
2,158975959,158975959,1,snv_mnv,NA,NA,"broad,dkfz,muse,sanger",4,COSN19313019,NA,NA,FALSE,0.1333,NA,4,26,NA,NA,NA,Intron,FALSE,FALSE,FALSE,FALSE,2,1,1,1_1,d88296ac-bb0d-47ab-9051-6c358f0af780,NA
2,161808230,161808230,1,snv_mnv,NA,NA,"broad,dkfz,muse,sanger",4,COSN19313005,NA,AluJr4,FALSE,0.4375,NA,14,18,NA,NA,NA,IGR,FALSE,FALSE,FALSE,FALSE,2,1,1,1_1,d88296ac-bb0d-47ab-9051-6c358f0af780,NA
2,164398592,164398592,1,snv_mnv,NA,NA,"broad,dkfz,muse,sanger",4,COSN19312949,NA,L1MB8,FALSE,0.5714,NA,16,12,NA,NA,NA,IGR,FALSE,FALSE,FALSE,FALSE,2,1,1,1_1,d88296ac-bb0d-47ab-9051-6c358f0af780,NA
2,166108398,166108398,1,snv_mnv,NA,NA,"dkfz,muse,sanger",3,COSN19312978,NA,MIR,FALSE,0.2593,NA,7,20,NA,NA,NA,Intron,FALSE,FALSE,TRUE,FALSE,2,1,1,1_1,d88296ac-bb0d-47ab-9051-6c358f0af780,NA
2,168272409,168272409,1,snv_mnv,NA,NA,"broad,dkfz,muse,sanger",4,COSN19312924,NA,MSTC-int,FALSE,0.4839,NA,15,16,NA,NA,NA,lincRNA,FALSE,FALSE,FALSE,FALSE,2,1,1,1_1,d88296ac-bb0d-47ab-9051-6c358f0af780,NA
2,174617933,174617933,1,snv_mnv,NA,NA,"broad,dkfz,muse,sanger",4,COSN19312973,NA,AluSx4,FALSE,0.2667,NA,8,22,NA,NA,NA,IGR,FALSE,FALSE,FALSE,FALSE,2,1,1,1_1,d88296ac-bb0d-47ab-9051-6c358f0af780,NA
2,175739227,175739227,1,snv_mnv,NA,NA,"broad,dkfz,muse,sanger",4,COSN19312982,NA,NA,FALSE,0.2424,NA,8,25,NA,NA,NA,Intron,FALSE,FALSE,FALSE,FALSE,2,1,1,1_1,d88296ac-bb0d-47ab-9051-6c358f0af780,CHN1
2,179180323,179180323,1,snv_mnv,NA,NA,"broad,dkfz,muse,sanger",4,COSN19312871,NA,NA,FALSE,0.2093,NA,9,34,NA,NA,NA,Intron,FALSE,FALSE,FALSE,FALSE,2,1,1,1_1,d88296ac-bb0d-47ab-9051-6c358f0af780,OSBPL6
2,182316685,182316685,1,snv_mnv,NA,NA,"broad,dkfz,muse,sanger",4,COSN19312996,NA,L1MA4,FALSE,0.2857,NA,10,25,NA,NA,NA,IGR,FALSE,FALSE,TRUE,FALSE,2,1,1,1_1,d88296ac-bb0d-47ab-9051-6c358f0af780,NA
2,187234902,187234902,1,snv_mnv,NA,NA,"broad,dkfz,muse,sanger",4,COSN19312873,NA,MIR3,FALSE,0.4571,NA,16,19,NA,NA,NA,IGR,FALSE,FALSE,FALSE,FALSE,2,1,1,1_1,d88296ac-bb0d-47ab-9051-6c358f0af780,NA
2,188200967,188200967,1,snv_mnv,NA,NA,"broad,dkfz,muse,sanger",4,COSN19312959,NA,NA,FALSE,0.3778,NA,17,28,NA,NA,NA,RNA,FALSE,FALSE,TRUE,FALSE,2,1,1,1_1,d88296ac-bb0d-47ab-9051-6c358f0af780,NA
2,188580658,188580658,1,snv_mnv,NA,NA,"broad,dkfz,muse,sanger",4,COSN19313002,NA,NA,FALSE,0.1556,NA,7,38,NA,NA,NA,IGR,FALSE,FALSE,FALSE,FALSE,2,1,1,1_1,d88296ac-bb0d-47ab-9051-6c358f0af780,NA
2,191800279,191800279,1,snv_mnv,NA,NA,"broad,dkfz,muse,sanger",4,COSN19312920,NA,NA,FALSE,0.2083,NA,10,38,NA,NA,NA,Intron,FALSE,FALSE,FALSE,FALSE,2,1,1,1_1,d88296ac-bb0d-47ab-9051-6c358f0af780,GLS
2,193456567,193456567,1,snv_mnv,NA,NA,"broad,dkfz,muse,sanger",4,COSN19312890,NA,L1MC3,FALSE,0.2917,NA,7,17,NA,NA,NA,IGR,FALSE,FALSE,FALSE,FALSE,2,1,1,1_1,d88296ac-bb0d-47ab-9051-6c358f0af780,NA
2,196707298,196707298,1,snv_mnv,NA,NA,"broad,dkfz,muse,sanger",4,COSN9302072,NA,NA,FALSE,0.186,NA,8,35,NA,NA,NA,Intron,FALSE,FALSE,FALSE,FALSE,2,1,1,1_1,d88296ac-bb0d-47ab-9051-6c358f0af780,NA
2,197310194,197310194,1,snv_mnv,NA,NA,"broad,muse,sanger",3,COSN19312991,NA,L1PA15,FALSE,0.122,NA,5,36,NA,NA,NA,Intron,FALSE,FALSE,FALSE,FALSE,2,1,1,1_1,d88296ac-bb0d-47ab-9051-6c358f0af780,NA
2,198266711,198266711,1,snv_mnv,NA,NA,"broad,muse",2,COSM5419581,NA,NA,FALSE,0.1,NA,4,36,NA,NA,NA,Missense_Mutation,FALSE,FALSE,FALSE,FALSE,2,1,1,1_1,d88296ac-bb0d-47ab-9051-6c358f0af780,"SF3B1,RF00394"
2,199596330,199596330,1,snv_mnv,NA,NA,"broad,dkfz,muse,sanger",4,COSN19312961,NA,NA,FALSE,0.4146,NA,17,24,NA,NA,NA,lincRNA,FALSE,FALSE,FALSE,FALSE,2,1,1,1_1,d88296ac-bb0d-47ab-9051-6c358f0af780,NA
2,200034909,200034909,1,snv_mnv,NA,NA,"broad,muse,sanger",3,COSN19312894,NA,L1MCc,FALSE,0.16,NA,4,21,NA,NA,NA,IGR,FALSE,FALSE,FALSE,FALSE,2,1,1,1_1,d88296ac-bb0d-47ab-9051-6c358f0af780,NA
2,201124513,201124513,1,snv_mnv,NA,NA,"broad,muse,sanger",3,COSN19312958,NA,SSU-rRNA_Hsa,FALSE,0.1667,NA,5,25,NA,NA,NA,IGR,FALSE,FALSE,FALSE,FALSE,2,1,1,1_1,d88296ac-bb0d-47ab-9051-6c358f0af780,NA
2,202135988,202135988,1,snv_mnv,NA,NA,"broad,dkfz,muse,sanger",4,COSN19312883,NA,NA,FALSE,0.2333,NA,7,23,NA,NA,NA,Intron,FALSE,FALSE,FALSE,FALSE,2,1,1,1_1,d88296ac-bb0d-47ab-9051-6c358f0af780,CASP8
2,205977627,205977627,1,snv_mnv,NA,NA,"broad,dkfz,muse,sanger",4,COSN19312897,NA,NA,FALSE,0.1316,NA,5,33,NA,NA,NA,Intron,FALSE,FALSE,FALSE,FALSE,2,1,1,1_1,d88296ac-bb0d-47ab-9051-6c358f0af780,NA
2,213116834,213116834,1,snv_mnv,NA,NA,"broad,muse,sanger",3,COSN19312903,NA,L2a,FALSE,0.1724,NA,5,24,NA,NA,NA,Intron,FALSE,FALSE,FALSE,FALSE,2,1,1,1_1,d88296ac-bb0d-47ab-9051-6c358f0af780,NA
2,215232378,215232378,1,snv_mnv,NA,NA,"dkfz,muse,sanger",3,COSN19312882,NA,NA,FALSE,0.1818,NA,6,27,NA,NA,NA,Intron,FALSE,FALSE,FALSE,FALSE,2,1,1,1_1,d88296ac-bb0d-47ab-9051-6c358f0af780,NA
2,217128492,217128492,1,snv_mnv,NA,NA,"broad,muse,sanger",3,COSN19312901,NA,L2a,FALSE,0.2,NA,4,16,NA,NA,NA,Intron,FALSE,FALSE,FALSE,FALSE,2,1,1,1_1,d88296ac-bb0d-47ab-9051-6c358f0af780,NA
2,220455648,220455648,1,snv_mnv,NA,NA,"broad,muse,sanger",3,COSN19312899,NA,7SK,FALSE,0.2273,NA,5,17,NA,NA,NA,RNA,FALSE,FALSE,FALSE,FALSE,2,1,1,1_1,d88296ac-bb0d-47ab-9051-6c358f0af780,NA
2,221565608,221565608,1,snv_mnv,NA,NA,"broad,muse,sanger",3,COSN19312923,NA,L1PA16,FALSE,0.1562,NA,5,27,NA,NA,NA,lincRNA,FALSE,FALSE,TRUE,FALSE,2,1,1,1_1,d88296ac-bb0d-47ab-9051-6c358f0af780,NA
2,223632532,223632532,1,snv_mnv,NA,NA,"broad,dkfz,muse,sanger",4,COSN19312944,NA,MER101-int,FALSE,0.1935,NA,6,25,NA,NA,NA,IGR,FALSE,FALSE,FALSE,FALSE,2,1,1,1_1,d88296ac-bb0d-47ab-9051-6c358f0af780,NA
2,226831690,226831690,1,snv_mnv,NA,NA,"broad,dkfz,muse,sanger",4,COSN19312908,NA,L2a,FALSE,0.4182,NA,23,32,NA,NA,NA,IGR,FALSE,FALSE,FALSE,FALSE,2,1,1,1_1,d88296ac-bb0d-47ab-9051-6c358f0af780,NA
2,228285162,228285162,1,snv_mnv,NA,NA,"broad,muse,sanger",3,COSN19312966,NA,LTR50,FALSE,0.1818,NA,4,18,NA,NA,NA,IGR,FALSE,FALSE,FALSE,FALSE,2,1,1,1_1,d88296ac-bb0d-47ab-9051-6c358f0af780,NA
2,229769007,229769007,1,snv_mnv,NA,NA,"broad,dkfz,muse,sanger",4,COSN19313011,NA,NA,FALSE,0.2368,NA,9,29,NA,NA,NA,Intron,FALSE,FALSE,TRUE,FALSE,2,1,1,1_1,d88296ac-bb0d-47ab-9051-6c358f0af780,NA
2,230602102,230602102,1,snv_mnv,NA,NA,"broad,dkfz,muse,sanger",4,COSN19312876,NA,L1M2,FALSE,0.425,NA,17,23,NA,NA,NA,IGR,FALSE,FALSE,FALSE,FALSE,2,1,1,1_1,d88296ac-bb0d-47ab-9051-6c358f0af780,NA
2,232613841,232613841,1,snv_mnv,NA,NA,"broad,muse,sanger",3,COSN19312892,NA,THE1A-int,FALSE,0.2174,NA,5,18,NA,NA,NA,Intron,FALSE,FALSE,FALSE,FALSE,2,1,1,1_1,d88296ac-bb0d-47ab-9051-6c358f0af780,NA
2,234630838,234630838,1,snv_mnv,NA,NA,"broad,dkfz,muse,sanger",4,COSN19312980,NA,NA,FALSE,0.2353,NA,8,26,NA,NA,NA,Intron,FALSE,FALSE,FALSE,FALSE,2,1,1,1_1,d88296ac-bb0d-47ab-9051-6c358f0af780,RPL17P11
2,241094984,241094984,1,snv_mnv,NA,NA,"broad,dkfz,muse,sanger",4,COSN19312995,NA,NA,FALSE,0.2174,NA,5,18,NA,NA,NA,IGR,FALSE,FALSE,FALSE,FALSE,2,1,1,1_1,d88296ac-bb0d-47ab-9051-6c358f0af780,NA
20,930185,930185,1,snv_mnv,NA,NA,"broad,muse,sanger",3,COSN19313857,NA,L2a,FALSE,0.375,NA,9,15,NA,NA,NA,IGR,FALSE,FALSE,FALSE,FALSE,2,1,1,1_1,d88296ac-bb0d-47ab-9051-6c358f0af780,NA
20,3093859,3093859,1,snv_mnv,NA,NA,"broad,dkfz,muse,sanger",4,COSN19313859,NA,AluSx,FALSE,0.2692,NA,7,19,NA,NA,NA,Intron,FALSE,FALSE,FALSE,FALSE,2,1,1,1_1,d88296ac-bb0d-47ab-9051-6c358f0af780,NA
20,4176694,4176694,1,snv_mnv,NA,NA,"broad,dkfz,muse,sanger",4,COSN19313833,NA,AluSp,FALSE,0.4211,NA,8,11,NA,NA,NA,RNA,FALSE,FALSE,FALSE,FALSE,2,1,1,1_1,d88296ac-bb0d-47ab-9051-6c358f0af780,LINC01433
20,6835968,6835968,1,snv_mnv,NA,NA,"broad,dkfz,muse,sanger",4,COSN19313862,NA,NA,FALSE,0.125,NA,4,28,NA,NA,NA,IGR,FALSE,FALSE,FALSE,FALSE,2,1,1,1_1,d88296ac-bb0d-47ab-9051-6c358f0af780,NA
20,7245115,7245115,1,snv_mnv,NA,NA,"broad,dkfz,muse,sanger",4,COSN19313836,NA,NA,FALSE,0.2353,NA,8,26,NA,NA,NA,IGR,FALSE,FALSE,FALSE,FALSE,2,1,1,1_1,d88296ac-bb0d-47ab-9051-6c358f0af780,NA
20,8891107,8891107,1,snv_mnv,NA,NA,"broad,dkfz,muse,sanger",4,COSN19313837,NA,NA,FALSE,0.2623,NA,16,45,NA,NA,NA,IGR,FALSE,FALSE,FALSE,FALSE,2,1,1,1_1,d88296ac-bb0d-47ab-9051-6c358f0af780,NA
20,8893519,8893519,1,snv_mnv,NA,NA,"broad,dkfz,muse,sanger",4,COSN19313854,NA,NA,FALSE,0.1667,NA,5,25,NA,NA,NA,IGR,FALSE,FALSE,FALSE,FALSE,2,1,1,1_1,d88296ac-bb0d-47ab-9051-6c358f0af780,NA
20,9776230,9776230,1,snv_mnv,NA,NA,"broad,dkfz,muse,sanger",4,COSN19313856,NA,L2a,FALSE,0.6364,NA,28,16,NA,NA,NA,Intron,FALSE,FALSE,TRUE,FALSE,2,1,1,1_1,d88296ac-bb0d-47ab-9051-6c358f0af780,NA
20,11190124,11190124,1,snv_mnv,NA,NA,"broad,dkfz,muse,sanger",4,COSN19313843,NA,NA,FALSE,0.2727,NA,9,24,NA,NA,NA,IGR,FALSE,FALSE,TRUE,FALSE,2,1,1,1_1,d88296ac-bb0d-47ab-9051-6c358f0af780,NA
20,11934516,11934516,1,snv_mnv,NA,NA,"broad,dkfz,muse,sanger",4,COSN19313838,rs376286773,AluSg7,FALSE,0.2593,NA,7,20,NA,NA,NA,IGR,FALSE,FALSE,FALSE,FALSE,2,1,1,1_1,d88296ac-bb0d-47ab-9051-6c358f0af780,NA
20,12157778,12157778,1,snv_mnv,NA,NA,"broad,dkfz,muse,sanger",4,COSN19313852,NA,NA,FALSE,0.3158,NA,12,26,NA,NA,NA,IGR,FALSE,FALSE,FALSE,FALSE,2,1,1,1_1,d88296ac-bb0d-47ab-9051-6c358f0af780,NA
20,14507204,14507204,1,snv_mnv,NA,NA,"broad,dkfz,muse,sanger",4,COSN19313851,NA,NA,FALSE,0.1471,NA,5,29,NA,NA,NA,Intron,FALSE,FALSE,FALSE,FALSE,2,1,1,1_1,d88296ac-bb0d-47ab-9051-6c358f0af780,NA
20,15678104,15678104,1,snv_mnv,NA,NA,"broad,dkfz,muse,sanger",4,COSN19313845,NA,L1PB1,FALSE,0.3488,NA,15,28,NA,NA,NA,Intron,FALSE,FALSE,FALSE,FALSE,2,1,1,1_1,d88296ac-bb0d-47ab-9051-6c358f0af780,NA
20,17637352,17637352,1,snv_mnv,NA,NA,"broad,dkfz,muse,sanger",4,COSN19313849,NA,NA,FALSE,0.5,NA,21,21,NA,NA,NA,Intron,FALSE,FALSE,FALSE,FALSE,2,1,1,1_1,d88296ac-bb0d-47ab-9051-6c358f0af780,RRBP1
20,21401383,21401383,1,snv_mnv,NA,NA,"broad,dkfz,muse,sanger",4,COSN19313850,NA,L1MA5,FALSE,0.375,NA,12,20,NA,NA,NA,IGR,FALSE,FALSE,FALSE,FALSE,2,1,1,1_1,d88296ac-bb0d-47ab-9051-6c358f0af780,RN7SKP140
20,23139756,23139756,1,snv_mnv,NA,NA,"broad,dkfz,muse,sanger",4,COSN19313839,NA,NA,FALSE,0.2895,NA,11,27,NA,NA,NA,RNA,FALSE,FALSE,TRUE,FALSE,2,1,1,1_1,d88296ac-bb0d-47ab-9051-6c358f0af780,RNA5SP478
20,23909396,23909396,1,snv_mnv,NA,NA,"broad,muse,sanger",3,COSN19313847,NA,MLT1H2,FALSE,0.1923,NA,5,21,NA,NA,NA,IGR,FALSE,FALSE,FALSE,FALSE,2,1,1,1_1,d88296ac-bb0d-47ab-9051-6c358f0af780,NA
20,24350735,24350735,1,snv_mnv,NA,NA,"broad,dkfz,muse,sanger",4,COSN19313832,NA,NA,FALSE,0.4286,NA,12,16,NA,NA,NA,IGR,FALSE,FALSE,FALSE,FALSE,2,1,1,1_1,d88296ac-bb0d-47ab-9051-6c358f0af780,NA
20,31663702,31663702,1,snv_mnv,NA,NA,"broad,dkfz,muse,sanger",4,COSN19313844,rs747856699,NA,FALSE,0.1739,NA,4,19,NA,NA,NA,IGR,FALSE,FALSE,FALSE,FALSE,2,1,1,1_1,d88296ac-bb0d-47ab-9051-6c358f0af780,"BPIFB3,BPIFB4"
20,36014026,36014026,1,snv_mnv,NA,NA,"broad,dkfz,muse,sanger",4,COSN19313840,NA,NA,FALSE,0.5769,NA,15,11,NA,NA,NA,Intron,FALSE,FALSE,FALSE,FALSE,2,1,1,1_1,d88296ac-bb0d-47ab-9051-6c358f0af780,SRC
20,38619096,38619096,1,snv_mnv,NA,NA,"broad,dkfz,muse,sanger",4,COSN19313834,NA,MER3,FALSE,0.3333,NA,12,24,NA,NA,NA,IGR,FALSE,FALSE,FALSE,FALSE,2,1,1,1_1,d88296ac-bb0d-47ab-9051-6c358f0af780,NA
20,39070345,39070345,1,snv_mnv,NA,NA,"broad,dkfz,muse,sanger",4,COSN19313831,NA,NA,FALSE,0.2895,NA,11,27,NA,NA,NA,IGR,FALSE,FALSE,FALSE,FALSE,2,1,1,1_1,d88296ac-bb0d-47ab-9051-6c358f0af780,NA
20,40917951,40917951,1,snv_mnv,NA,NA,"broad,dkfz,muse,sanger",4,COSN19313846,NA,L1PA17,FALSE,0.4595,NA,17,20,NA,NA,NA,Intron,FALSE,FALSE,FALSE,FALSE,2,1,1,1_1,d88296ac-bb0d-47ab-9051-6c358f0af780,NA
20,43418467,43418467,1,snv_mnv,NA,NA,"broad,dkfz,muse,sanger",4,COSN19313842,NA,AluJr4,FALSE,0.3636,NA,8,14,NA,NA,NA,Intron,FALSE,FALSE,FALSE,FALSE,2,1,1,1_1,d88296ac-bb0d-47ab-9051-6c358f0af780,NA
20,44161166,44161166,1,snv_mnv,NA,NA,"broad,muse,sanger",3,COSN19313861,NA,Arthur1B,FALSE,0.1515,NA,5,28,NA,NA,NA,IGR,FALSE,FALSE,FALSE,FALSE,2,1,1,1_1,d88296ac-bb0d-47ab-9051-6c358f0af780,"WFDC6,AL031663.1,EPPIN-WFDC6"
20,59115197,59115197,1,snv_mnv,NA,NA,"broad,muse,sanger",3,COSN19313855,NA,NA,FALSE,0.1562,NA,5,27,NA,NA,NA,IGR,FALSE,FALSE,FALSE,FALSE,2,1,1,1_1,d88296ac-bb0d-47ab-9051-6c358f0af780,NA
20,60336048,60336048,1,snv_mnv,NA,NA,"broad,dkfz,muse",3,COSN19313848,NA,NA,FALSE,0.1316,NA,5,33,NA,NA,NA,Intron,FALSE,FALSE,FALSE,FALSE,2,1,1,1_1,d88296ac-bb0d-47ab-9051-6c358f0af780,NA
20,61720941,61720941,1,snv_mnv,0.0017971,rs528490997,"broad,dkfz,muse,sanger",4,COSN19313853,rs528490997,NA,FALSE,0.5,NA,8,8,NA,NA,NA,IGR,FALSE,FALSE,FALSE,FALSE,2,1,1,1_1,d88296ac-bb0d-47ab-9051-6c358f0af780,LINC01749
21,17263194,17263194,1,snv_mnv,NA,NA,"broad,dkfz,muse,sanger",4,COSN19312684,NA,NA,FALSE,0.15,NA,6,34,NA,NA,NA,IGR,FALSE,FALSE,FALSE,FALSE,2,1,1,1_1,d88296ac-bb0d-47ab-9051-6c358f0af780,NA
21,19805779,19805779,1,snv_mnv,NA,NA,"broad,muse,sanger",3,COSN19312705,NA,AluJb,FALSE,0.2121,NA,7,26,NA,NA,NA,IGR,FALSE,FALSE,FALSE,FALSE,2,1,1,1_1,d88296ac-bb0d-47ab-9051-6c358f0af780,NA
21,20507150,20507150,1,snv_mnv,NA,NA,"broad,dkfz,muse,sanger",4,COSN19312700,NA,NA,FALSE,0.1818,NA,6,27,NA,NA,NA,lincRNA,FALSE,FALSE,FALSE,FALSE,2,1,1,1_1,d88296ac-bb0d-47ab-9051-6c358f0af780,AP000431.1
21,21368652,21368652,1,snv_mnv,NA,NA,"broad,dkfz,muse,sanger",4,COSN19312690,rs757250033,HERVE_a-int,FALSE,0.2571,NA,9,26,NA,NA,NA,IGR,FALSE,FALSE,FALSE,FALSE,2,1,1,1_1,d88296ac-bb0d-47ab-9051-6c358f0af780,NA
21,21716411,21716411,1,snv_mnv,NA,NA,"broad,muse,sanger",3,COSN19312694,NA,AluSx,FALSE,0.2222,NA,6,21,NA,NA,NA,IGR,FALSE,FALSE,FALSE,FALSE,2,1,1,1_1,d88296ac-bb0d-47ab-9051-6c358f0af780,NA
21,22109991,22109991,1,snv_mnv,NA,NA,"broad,dkfz,muse,sanger",4,COSN19312703,NA,NA,FALSE,0.4231,NA,11,15,NA,NA,NA,IGR,FALSE,FALSE,FALSE,FALSE,2,1,1,1_1,d88296ac-bb0d-47ab-9051-6c358f0af780,LINC00320
21,22982051,22982051,1,snv_mnv,3.9936e-4,rs190010342,"broad,dkfz,muse,sanger",4,COSN19312695,rs190010342,NA,FALSE,0.125,NA,5,35,NA,NA,NA,lincRNA,FALSE,FALSE,FALSE,FALSE,2,1,1,1_1,d88296ac-bb0d-47ab-9051-6c358f0af780,NA
21,23575862,23575862,1,snv_mnv,NA,NA,"broad,dkfz,muse,sanger",4,COSN19312713,NA,Eulor8,FALSE,0.525,NA,21,19,NA,NA,NA,RNA,FALSE,FALSE,FALSE,FALSE,2,1,1,1_1,d88296ac-bb0d-47ab-9051-6c358f0af780,RNU4-45P
21,25081099,25081099,1,snv_mnv,NA,NA,"broad,dkfz,muse,sanger",4,COSN19312606,NA,MLT1K,FALSE,0.4324,NA,16,21,NA,NA,NA,IGR,FALSE,FALSE,FALSE,FALSE,2,1,1,1_1,d88296ac-bb0d-47ab-9051-6c358f0af780,NA
21,25332748,25332748,1,snv_mnv,NA,NA,"broad,dkfz,muse,sanger",4,COSN19312696,NA,NA,FALSE,0.2195,NA,9,32,NA,NA,NA,lincRNA,FALSE,FALSE,FALSE,FALSE,2,1,1,1_1,d88296ac-bb0d-47ab-9051-6c358f0af780,AP000477.2
21,29111025,29111025,1,snv_mnv,NA,NA,"broad,dkfz,muse,sanger",4,COSN19312687,NA,ORSL-2b,FALSE,0.5556,NA,25,20,NA,NA,NA,lincRNA,FALSE,FALSE,FALSE,FALSE,2,1,1,1_1,d88296ac-bb0d-47ab-9051-6c358f0af780,NA
21,29719198,29719198,1,snv_mnv,NA,NA,"broad,dkfz,muse,sanger",4,COSN19312702,NA,NA,FALSE,0.1389,NA,5,31,NA,NA,NA,IGR,FALSE,FALSE,TRUE,FALSE,2,1,1,1_1,d88296ac-bb0d-47ab-9051-6c358f0af780,NA
21,29863874,29863874,1,snv_mnv,NA,NA,"broad,muse,sanger",3,COSN19312688,NA,AluY,FALSE,0.1875,NA,6,26,NA,NA,NA,lincRNA,FALSE,FALSE,FALSE,FALSE,2,1,1,1_1,d88296ac-bb0d-47ab-9051-6c358f0af780,NA
21,30105327,30105327,1,snv_mnv,1.9968e-4,rs542424315,"broad,dkfz,muse,sanger",4,COSN19312692,rs542424315,AluY,FALSE,0.2222,NA,6,21,NA,NA,NA,IGR,FALSE,FALSE,FALSE,FALSE,2,1,1,1_1,d88296ac-bb0d-47ab-9051-6c358f0af780,NA
21,31486813,31486813,1,snv_mnv,NA,NA,"broad,dkfz,muse,sanger",4,COSN19312710,NA,Tigger1,FALSE,0.1957,NA,9,37,NA,NA,NA,IGR,FALSE,FALSE,FALSE,FALSE,2,1,1,1_1,d88296ac-bb0d-47ab-9051-6c358f0af780,NA
21,32904776,32904776,1,snv_mnv,NA,NA,"broad,dkfz,muse",3,COSN19312708,NA,NA,FALSE,0.1875,NA,6,26,NA,NA,NA,Intron,FALSE,FALSE,FALSE,FALSE,2,1,1,1_1,d88296ac-bb0d-47ab-9051-6c358f0af780,NA
21,33385104,33385104,1,snv_mnv,NA,NA,"broad,dkfz,muse,sanger",4,COSN19312706,NA,MIR,FALSE,0.25,NA,8,24,NA,NA,NA,IGR,FALSE,FALSE,FALSE,FALSE,2,1,1,1_1,d88296ac-bb0d-47ab-9051-6c358f0af780,NA
21,36404819,36404819,1,snv_mnv,1.9968e-4,rs572557421,"broad,dkfz,muse,sanger",4,COSN19312704,rs572557421,NA,FALSE,0.6,NA,21,14,NA,NA,NA,Intron,FALSE,FALSE,FALSE,FALSE,2,1,1,1_1,d88296ac-bb0d-47ab-9051-6c358f0af780,NA
21,38207812,38207812,1,snv_mnv,NA,NA,"broad,dkfz,muse,sanger",4,COSN19312699,NA,NA,FALSE,0.1935,NA,6,25,NA,NA,NA,Intron,FALSE,FALSE,FALSE,FALSE,2,1,1,1_1,d88296ac-bb0d-47ab-9051-6c358f0af780,NA
21,41846469,41846469,1,snv_mnv,0.0013978,rs561778725,"broad,dkfz,muse,sanger",4,COSN19312691,rs561778725,NA,FALSE,0.1613,NA,5,26,NA,NA,NA,Intron,FALSE,FALSE,FALSE,FALSE,2,1,1,1_1,d88296ac-bb0d-47ab-9051-6c358f0af780,NA
21,45292062,45292062,1,snv_mnv,NA,NA,"dkfz,sanger",2,COSN19312686,NA,AluSz,FALSE,0.4865,NA,18,19,NA,NA,NA,Intron,FALSE,FALSE,FALSE,FALSE,2,1,1,1_1,d88296ac-bb0d-47ab-9051-6c358f0af780,AGPAT3
21,45660284,45660284,1,snv_mnv,NA,NA,"broad,dkfz,muse,sanger",4,COSN19312709,NA,NA,FALSE,0.5909,NA,13,9,NA,NA,NA,Intron,FALSE,FALSE,FALSE,FALSE,2,1,1,1_1,d88296ac-bb0d-47ab-9051-6c358f0af780,"AP001059.3,AP001059.2"
21,46758190,46758190,1,snv_mnv,NA,NA,"broad,dkfz,muse,sanger",4,COSN19312693,NA,NA,FALSE,0.2,NA,7,28,NA,NA,NA,lincRNA,FALSE,FALSE,FALSE,FALSE,2,1,1,1_1,d88296ac-bb0d-47ab-9051-6c358f0af780,LINC00316
21,47319465,47319465,1,snv_mnv,NA,NA,"broad,dkfz,muse,sanger",4,COSN19312698,NA,NA,FALSE,0.16,NA,4,21,NA,NA,NA,Intron,FALSE,FALSE,FALSE,FALSE,2,1,1,1_1,d88296ac-bb0d-47ab-9051-6c358f0af780,PCBP3
21,47923317,47923317,1,snv_mnv,NA,NA,"broad,dkfz,muse,sanger",4,COSN19312685,NA,NA,FALSE,0.3704,NA,10,17,NA,NA,NA,Intron,FALSE,FALSE,FALSE,FALSE,2,1,1,1_1,d88296ac-bb0d-47ab-9051-6c358f0af780,DIP2A
22,19764529,19764529,1,snv_mnv,NA,NA,"broad,dkfz,muse,sanger",4,COSN19313027,rs755433427,NA,FALSE,0.4324,NA,16,21,NA,NA,NA,Intron,FALSE,FALSE,FALSE,FALSE,2,1,1,1_1,d88296ac-bb0d-47ab-9051-6c358f0af780,NA
22,21054203,21054203,1,snv_mnv,1.9968e-4,rs545644189,"broad,dkfz,muse,sanger",4,COSN19313033,rs545644189,NA,FALSE,0.6,NA,18,12,NA,NA,NA,RNA,FALSE,FALSE,FALSE,FALSE,2,1,1,1_1,d88296ac-bb0d-47ab-9051-6c358f0af780,"BCRP5,TMEM191A,POM121L4P"
22,23230933,23230933,1,snv_mnv,3.9936e-4,rs528170285,"broad,dkfz,muse,sanger",4,COSN19313029,rs528170285,NA,FALSE,0.4138,NA,12,17,NA,NA,NA,Intron,FALSE,FALSE,FALSE,FALSE,2,1,1,1_1,d88296ac-bb0d-47ab-9051-6c358f0af780,"MIR5571,IGLJ1"
22,32936300,32936300,1,snv_mnv,NA,NA,"broad,dkfz,muse,sanger",4,COSN19313028,NA,MER58A,FALSE,0.2059,NA,7,27,NA,NA,NA,Intron,FALSE,FALSE,FALSE,FALSE,2,1,1,1_1,d88296ac-bb0d-47ab-9051-6c358f0af780,NA
22,37016696,37016696,1,snv_mnv,NA,NA,"broad,dkfz,muse,sanger",4,COSN19313032,NA,MIR,FALSE,0.5455,NA,24,20,NA,NA,NA,Intron,FALSE,FALSE,FALSE,FALSE,2,1,1,1_1,d88296ac-bb0d-47ab-9051-6c358f0af780,NA
22,41015276,41015276,1,snv_mnv,NA,NA,"broad,dkfz,muse,sanger",4,COSN19313037,NA,MLT1D-int,FALSE,0.2143,NA,9,33,NA,NA,NA,Intron,FALSE,FALSE,FALSE,FALSE,2,1,1,1_1,d88296ac-bb0d-47ab-9051-6c358f0af780,NA
22,45185554,45185554,1,snv_mnv,NA,NA,"broad,dkfz,muse,sanger",4,COSN19313039,NA,AluJb,FALSE,0.4839,NA,15,16,NA,NA,NA,Intron,FALSE,FALSE,FALSE,FALSE,2,1,1,1_1,d88296ac-bb0d-47ab-9051-6c358f0af780,ARHGAP8
22,45414413,45414413,1,snv_mnv,NA,NA,"broad,muse,sanger",3,COSN19313034,NA,AluSz,FALSE,0.2333,NA,7,23,NA,NA,NA,IGR,FALSE,FALSE,FALSE,FALSE,2,1,1,1_1,d88296ac-bb0d-47ab-9051-6c358f0af780,NA
22,48534400,48534400,1,snv_mnv,NA,NA,"broad,dkfz,muse,sanger",4,COSN19313031,NA,L1ME4a,FALSE,0.3846,NA,15,24,NA,NA,NA,lincRNA,FALSE,FALSE,FALSE,FALSE,2,1,1,1_1,d88296ac-bb0d-47ab-9051-6c358f0af780,"BX284656.1,BX284656.2"
22,49802218,49802218,1,snv_mnv,NA,NA,"broad,dkfz,muse,sanger",4,COSN19313030,NA,L1MEg,FALSE,0.4643,NA,13,15,NA,NA,NA,IGR,FALSE,FALSE,FALSE,FALSE,2,1,1,1_1,d88296ac-bb0d-47ab-9051-6c358f0af780,NA
22,49949867,49949867,1,snv_mnv,NA,NA,"muse,sanger",2,COSN19313035,NA,AluSc,FALSE,0.1515,NA,5,28,NA,NA,NA,RNA,FALSE,FALSE,FALSE,FALSE,2,1,1,1_1,d88296ac-bb0d-47ab-9051-6c358f0af780,NA
3,1440961,1440961,1,snv_mnv,NA,NA,"broad,dkfz,muse,sanger",4,COSN19313645,NA,NA,FALSE,0.2667,NA,8,22,NA,NA,NA,Intron,FALSE,FALSE,TRUE,FALSE,2,1,1,1_1,d88296ac-bb0d-47ab-9051-6c358f0af780,"CRB3P1,CNTN6"
3,1660716,1660716,1,snv_mnv,NA,NA,"broad,dkfz,muse,sanger",4,COSN19313595,NA,NA,FALSE,0.2222,NA,8,28,NA,NA,NA,IGR,FALSE,FALSE,TRUE,FALSE,2,1,1,1_1,d88296ac-bb0d-47ab-9051-6c358f0af780,NA
3,2309810,2309810,1,snv_mnv,NA,NA,"broad,dkfz,muse,sanger",4,COSN19313544,NA,MIR,FALSE,0.2273,NA,10,34,NA,NA,NA,Intron,FALSE,FALSE,FALSE,FALSE,2,1,1,1_1,d88296ac-bb0d-47ab-9051-6c358f0af780,NA
3,5514932,5514932,1,snv_mnv,NA,NA,"broad,dkfz,muse,sanger",4,COSN19313610,NA,NA,FALSE,0.1875,NA,6,26,NA,NA,NA,IGR,FALSE,FALSE,FALSE,FALSE,2,1,1,1_1,d88296ac-bb0d-47ab-9051-6c358f0af780,NA
3,6889643,6889643,1,snv_mnv,NA,NA,"broad,dkfz,muse,sanger",4,COSN19313671,NA,L1ME2,FALSE,0.5227,NA,23,21,NA,NA,NA,IGR,FALSE,FALSE,FALSE,FALSE,2,1,1,1_1,d88296ac-bb0d-47ab-9051-6c358f0af780,NA
3,7446575,7446575,1,snv_mnv,NA,NA,"broad,dkfz,muse,sanger",4,COSN19313672,NA,NA,FALSE,0.1463,NA,6,35,NA,NA,NA,Intron,FALSE,FALSE,FALSE,FALSE,2,1,1,1_1,d88296ac-bb0d-47ab-9051-6c358f0af780,NA
3,8134591,8134591,1,snv_mnv,NA,NA,"broad,dkfz,muse,sanger",4,COSN19313631,NA,NA,FALSE,0.1818,NA,6,27,NA,NA,NA,RNA,FALSE,FALSE,FALSE,FALSE,2,1,1,1_1,d88296ac-bb0d-47ab-9051-6c358f0af780,NA
3,9292590,9292590,1,snv_mnv,NA,NA,"broad,dkfz,muse,sanger",4,COSN19313589,NA,NA,FALSE,0.1786,NA,5,23,NA,NA,NA,5'Flank,FALSE,FALSE,FALSE,FALSE,2,1,1,1_1,d88296ac-bb0d-47ab-9051-6c358f0af780,SRGAP3
3,9838730,9838730,1,snv_mnv,NA,NA,"broad,dkfz,muse,sanger",4,COSN19313643,NA,NA,FALSE,0.2414,NA,7,22,NA,NA,NA,Intron,FALSE,FALSE,FALSE,FALSE,2,1,1,1_1,d88296ac-bb0d-47ab-9051-6c358f0af780,"TADA3,ARPC4-TTLL3"
3,10185136,10185136,1,snv_mnv,NA,NA,"broad,dkfz,muse,sanger",4,COSN19313680,NA,NA,FALSE,0.5185,NA,14,13,NA,NA,NA,Intron,FALSE,FALSE,FALSE,FALSE,2,1,1,1_1,d88296ac-bb0d-47ab-9051-6c358f0af780,NA
3,12117234,12117234,1,snv_mnv,NA,NA,"broad,dkfz,muse,sanger",4,COSN19313581,NA,NA,FALSE,0.3333,NA,11,22,NA,NA,NA,RNA,FALSE,FALSE,FALSE,FALSE,2,1,1,1_1,d88296ac-bb0d-47ab-9051-6c358f0af780,ACTG1P12
3,15634896,15634896,1,snv_mnv,NA,NA,"broad,dkfz,muse,sanger",4,COSN19313538,NA,AluJb,FALSE,0.2353,NA,8,26,NA,NA,NA,Intron,FALSE,FALSE,FALSE,FALSE,2,1,1,1_1,d88296ac-bb0d-47ab-9051-6c358f0af780,HACL1
3,16175307,16175307,1,snv_mnv,NA,NA,"broad,dkfz,muse,sanger",4,COSN19313592,NA,MER67A,FALSE,0.6389,NA,23,13,NA,NA,NA,IGR,FALSE,FALSE,FALSE,FALSE,2,1,1,1_1,d88296ac-bb0d-47ab-9051-6c358f0af780,NA
3,20324465,20324465,1,snv_mnv,NA,NA,"broad,dkfz,muse,sanger",4,COSN19313537,NA,MER11A,FALSE,0.4643,NA,13,15,NA,NA,NA,IGR,FALSE,FALSE,FALSE,FALSE,2,1,1,1_1,d88296ac-bb0d-47ab-9051-6c358f0af780,NA
3,20930078,20930078,1,snv_mnv,NA,NA,"broad,dkfz,muse,sanger",4,COSN19313650,NA,NA,FALSE,0.5526,NA,21,17,NA,NA,NA,IGR,FALSE,FALSE,FALSE,FALSE,2,1,1,1_1,d88296ac-bb0d-47ab-9051-6c358f0af780,NA
3,21570895,21570895,1,snv_mnv,NA,NA,"broad,dkfz,muse,sanger",4,COSN19313638,NA,NA,FALSE,0.1778,NA,8,37,NA,NA,NA,Intron,FALSE,FALSE,FALSE,FALSE,2,1,1,1_1,d88296ac-bb0d-47ab-9051-6c358f0af780,NA
3,21781276,21781276,1,snv_mnv,NA,NA,"broad,dkfz,muse,sanger",4,COSN19313608,NA,NA,FALSE,0.1852,NA,5,22,NA,NA,NA,Intron,FALSE,FALSE,FALSE,FALSE,2,1,1,1_1,d88296ac-bb0d-47ab-9051-6c358f0af780,NA
3,24979086,24979086,1,snv_mnv,NA,NA,"broad,dkfz,muse,sanger",4,COSN19313611,rs754209876,NA,FALSE,0.55,NA,11,9,NA,NA,NA,lincRNA,FALSE,FALSE,FALSE,FALSE,2,1,1,1_1,d88296ac-bb0d-47ab-9051-6c358f0af780,NA
3,26313309,26313309,1,snv_mnv,1.9968e-4,rs575972224,"broad,dkfz,muse,sanger",4,COSN7603718,rs575972224,L1ME3A,FALSE,0.5581,NA,24,19,NA,NA,NA,IGR,FALSE,FALSE,FALSE,FALSE,2,1,1,1_1,d88296ac-bb0d-47ab-9051-6c358f0af780,NA
3,28452848,28452848,1,snv_mnv,NA,NA,"broad,dkfz,muse,sanger",4,COSN19313556,NA,L1MEe,FALSE,0.6286,NA,22,13,NA,NA,NA,Intron,FALSE,FALSE,FALSE,FALSE,2,1,1,1_1,d88296ac-bb0d-47ab-9051-6c358f0af780,ZCWPW2
3,35186616,35186616,1,snv_mnv,NA,NA,"broad,dkfz,muse,sanger",4,COSN19313633,NA,NA,FALSE,0.1765,NA,6,28,NA,NA,NA,IGR,FALSE,FALSE,FALSE,FALSE,2,1,1,1_1,d88296ac-bb0d-47ab-9051-6c358f0af780,NA
3,35249812,35249812,1,snv_mnv,NA,NA,"broad,dkfz,muse,sanger",4,COSN19313562,NA,L1MDa,FALSE,0.1951,NA,8,33,NA,NA,NA,IGR,FALSE,FALSE,FALSE,FALSE,2,1,1,1_1,d88296ac-bb0d-47ab-9051-6c358f0af780,NA
3,35481180,35481180,1,snv_mnv,NA,NA,"broad,dkfz,muse,sanger",4,COSN19313655,NA,NA,FALSE,0.2727,NA,9,24,NA,NA,NA,IGR,FALSE,FALSE,FALSE,FALSE,2,1,1,1_1,d88296ac-bb0d-47ab-9051-6c358f0af780,NA
3,36686480,36686480,1,snv_mnv,NA,NA,"broad,dkfz,muse,sanger",4,COSN19313566,NA,L1MA9,FALSE,0.3529,NA,12,22,NA,NA,NA,IGR,FALSE,FALSE,FALSE,FALSE,2,1,1,1_1,d88296ac-bb0d-47ab-9051-6c358f0af780,NA
3,39237599,39237599,1,snv_mnv,NA,NA,"broad,dkfz,muse,sanger",4,COSN19313558,NA,AluJb,FALSE,0.5333,NA,16,14,NA,NA,NA,IGR,FALSE,FALSE,FALSE,FALSE,2,1,1,1_1,d88296ac-bb0d-47ab-9051-6c358f0af780,XIRP1
3,41163804,41163804,1,snv_mnv,NA,NA,"broad,dkfz,muse,sanger",4,COSN19313578,NA,NA,FALSE,0.3,NA,12,28,NA,NA,NA,IGR,FALSE,FALSE,FALSE,FALSE,2,1,1,1_1,d88296ac-bb0d-47ab-9051-6c358f0af780,NA
3,43142923,43142923,1,snv_mnv,NA,NA,"broad,dkfz,muse,sanger",4,COSN19313621,rs767274771,NA,FALSE,0.2,NA,7,28,NA,NA,NA,Intron,FALSE,FALSE,FALSE,FALSE,2,1,1,1_1,d88296ac-bb0d-47ab-9051-6c358f0af780,NA
3,43145572,43145572,1,snv_mnv,NA,NA,"broad,dkfz,muse,sanger",4,COSN19313622,NA,MIRb,FALSE,0.3636,NA,16,28,NA,NA,NA,Intron,FALSE,FALSE,TRUE,FALSE,2,1,1,1_1,d88296ac-bb0d-47ab-9051-6c358f0af780,NA
3,43159442,43159442,1,snv_mnv,NA,NA,"broad,dkfz,muse,sanger",4,COSN19313584,NA,NA,FALSE,0.2162,NA,8,29,NA,NA,NA,IGR,FALSE,FALSE,FALSE,FALSE,2,1,1,1_1,d88296ac-bb0d-47ab-9051-6c358f0af780,NA
3,47826030,47826030,1,snv_mnv,NA,NA,"broad,dkfz,muse,sanger",4,COSN19313681,NA,AluSq4,FALSE,0.4839,NA,15,16,NA,NA,NA,5'Flank,FALSE,FALSE,FALSE,FALSE,2,1,1,1_1,d88296ac-bb0d-47ab-9051-6c358f0af780,SMARCC1
3,53613148,53613148,1,snv_mnv,NA,NA,"broad,dkfz,muse,sanger",4,COSN19313602,NA,NA,FALSE,0.2059,NA,7,27,NA,NA,NA,Intron,FALSE,FALSE,FALSE,FALSE,2,1,1,1_1,d88296ac-bb0d-47ab-9051-6c358f0af780,NA
3,54328388,54328388,1,snv_mnv,NA,NA,"broad,dkfz,muse,sanger",4,COSN19313551,NA,NA,FALSE,0.2593,NA,7,20,NA,NA,NA,Intron,FALSE,FALSE,FALSE,FALSE,2,1,1,1_1,d88296ac-bb0d-47ab-9051-6c358f0af780,NA
3,55969465,55969465,1,snv_mnv,NA,NA,"broad,dkfz,muse,sanger",4,COSN19313679,NA,L2a,FALSE,0.5185,NA,14,13,NA,NA,NA,Intron,FALSE,FALSE,FALSE,FALSE,2,1,1,1_1,d88296ac-bb0d-47ab-9051-6c358f0af780,NA
3,55997908,55997908,1,snv_mnv,NA,NA,"broad,muse,sanger",3,COSN19313649,NA,NA,FALSE,0.6071,NA,17,11,NA,NA,NA,Intron,FALSE,FALSE,FALSE,FALSE,2,1,1,1_1,d88296ac-bb0d-47ab-9051-6c358f0af780,NA
3,56144576,56144576,1,snv_mnv,NA,NA,"broad,dkfz,muse,sanger",4,COSN19313529,NA,NA,FALSE,0.2,NA,7,28,NA,NA,NA,Intron,FALSE,FALSE,FALSE,FALSE,2,1,1,1_1,d88296ac-bb0d-47ab-9051-6c358f0af780,NA
3,57079832,57079832,1,snv_mnv,NA,NA,"dkfz,sanger",2,COSN19313648,NA,NA,FALSE,0.4359,NA,17,22,NA,NA,NA,Intron,FALSE,FALSE,FALSE,FALSE,2,1,1,1_1,d88296ac-bb0d-47ab-9051-6c358f0af780,NA
3,58242988,58242988,1,snv_mnv,NA,NA,"broad,dkfz,muse,sanger",4,COSN19313565,NA,NA,FALSE,0.6216,NA,23,14,NA,NA,NA,Intron,FALSE,FALSE,FALSE,FALSE,2,1,1,1_1,d88296ac-bb0d-47ab-9051-6c358f0af780,NA
3,61003302,61003302,1,snv_mnv,NA,NA,"broad,dkfz,muse,sanger",4,COSN19313572,NA,NA,FALSE,0.4783,NA,22,24,NA,NA,NA,Intron,FALSE,FALSE,TRUE,FALSE,2,1,1,1_1,d88296ac-bb0d-47ab-9051-6c358f0af780,NA
3,61324038,61324038,1,snv_mnv,NA,NA,"broad,dkfz,muse,sanger",4,COSN19313596,NA,LTR39,FALSE,0.2353,NA,8,26,NA,NA,NA,IGR,FALSE,FALSE,FALSE,FALSE,2,1,1,1_1,d88296ac-bb0d-47ab-9051-6c358f0af780,NA
3,63219774,63219774,1,snv_mnv,NA,NA,"broad,dkfz,muse,sanger",4,COSN19313559,NA,THE1B,FALSE,0.52,NA,13,12,NA,NA,NA,IGR,FALSE,FALSE,FALSE,FALSE,2,1,1,1_1,d88296ac-bb0d-47ab-9051-6c358f0af780,NA
3,64423370,64423370,1,snv_mnv,NA,NA,"broad,dkfz,muse,sanger",4,COSN19313541,NA,NA,FALSE,0.1892,NA,7,30,NA,NA,NA,Intron,FALSE,FALSE,FALSE,FALSE,2,1,1,1_1,d88296ac-bb0d-47ab-9051-6c358f0af780,NA
3,64653415,64653415,1,snv_mnv,NA,NA,"broad,dkfz,muse,sanger",4,COSN19313628,NA,MIR,FALSE,0.2195,NA,9,32,NA,NA,NA,Intron,FALSE,FALSE,FALSE,FALSE,2,1,1,1_1,d88296ac-bb0d-47ab-9051-6c358f0af780,NA
3,65121604,65121604,1,snv_mnv,NA,NA,"broad,dkfz,muse,sanger",4,COSN19313597,NA,NA,FALSE,0.2222,NA,6,21,NA,NA,NA,IGR,FALSE,FALSE,FALSE,FALSE,2,1,1,1_1,d88296ac-bb0d-47ab-9051-6c358f0af780,NA
3,65385516,65385516,1,snv_mnv,NA,NA,"broad,dkfz,muse,sanger",4,COSN19313614,NA,NA,FALSE,0.1852,NA,5,22,NA,NA,NA,Intron,FALSE,FALSE,FALSE,FALSE,2,1,1,1_1,d88296ac-bb0d-47ab-9051-6c358f0af780,NA
3,70222451,70222451,1,snv_mnv,NA,NA,"broad,dkfz,muse,sanger",4,COSN19313654,NA,NA,FALSE,0.475,NA,19,21,NA,NA,NA,IGR,FALSE,FALSE,FALSE,FALSE,2,1,1,1_1,d88296ac-bb0d-47ab-9051-6c358f0af780,SAMMSON
3,71781816,71781816,1,snv_mnv,NA,NA,"broad,dkfz,muse,sanger",4,COSN19313678,NA,NA,FALSE,0.2059,NA,7,27,NA,NA,NA,Intron,FALSE,FALSE,FALSE,FALSE,2,1,1,1_1,d88296ac-bb0d-47ab-9051-6c358f0af780,EIF4E3
3,73988647,73988647,1,snv_mnv,3.9936e-4,rs552081154,"broad,dkfz,muse,sanger",4,COSN19313575,rs552081154,MSTB1,FALSE,0.2,NA,7,28,NA,NA,NA,IGR,FALSE,FALSE,FALSE,FALSE,2,1,1,1_1,d88296ac-bb0d-47ab-9051-6c358f0af780,NA
3,74085458,74085458,1,snv_mnv,NA,NA,"broad,dkfz,muse,sanger",4,COSN19313639,NA,NA,FALSE,0.2889,NA,13,32,NA,NA,NA,IGR,FALSE,FALSE,FALSE,FALSE,2,1,1,1_1,d88296ac-bb0d-47ab-9051-6c358f0af780,NA
3,74676916,74676916,1,snv_mnv,NA,NA,"broad,dkfz,muse,sanger",4,COSN19313576,NA,MLT1K,FALSE,0.3939,NA,13,20,NA,NA,NA,IGR,FALSE,FALSE,FALSE,FALSE,2,1,1,1_1,d88296ac-bb0d-47ab-9051-6c358f0af780,NA
3,75140851,75140851,1,snv_mnv,NA,NA,"broad,dkfz,muse,sanger",4,COSN19313574,NA,NA,FALSE,0.4333,NA,13,17,NA,NA,NA,IGR,FALSE,FALSE,FALSE,FALSE,2,1,1,1_1,d88296ac-bb0d-47ab-9051-6c358f0af780,NA
3,75922886,75922886,1,snv_mnv,NA,NA,"broad,muse,sanger",3,COSN19313571,NA,NA,FALSE,0.1786,NA,5,23,NA,NA,NA,IGR,FALSE,FALSE,FALSE,FALSE,2,1,1,1_1,d88296ac-bb0d-47ab-9051-6c358f0af780,NA
3,76418359,76418359,1,snv_mnv,NA,NA,"broad,dkfz,muse,sanger",4,COSN19313546,NA,L2c,FALSE,0.2778,NA,10,26,NA,NA,NA,Intron,FALSE,FALSE,FALSE,FALSE,2,1,1,1_1,d88296ac-bb0d-47ab-9051-6c358f0af780,NA
3,77203493,77203493,1,snv_mnv,NA,NA,"broad,dkfz,muse,sanger",4,COSN19313561,NA,NA,FALSE,0.4,NA,16,24,NA,NA,NA,Intron,FALSE,FALSE,FALSE,FALSE,2,1,1,1_1,d88296ac-bb0d-47ab-9051-6c358f0af780,NA
3,77526011,77526011,1,snv_mnv,NA,NA,"broad,muse",2,COSN19313656,NA,NA,FALSE,0.1724,NA,5,24,NA,NA,NA,Intron,FALSE,FALSE,FALSE,FALSE,2,1,1,1_1,d88296ac-bb0d-47ab-9051-6c358f0af780,ROBO2
3,77896904,77896904,1,snv_mnv,NA,NA,"broad,dkfz,muse,sanger",4,COSN19313533,NA,NA,FALSE,0.2105,NA,8,30,NA,NA,NA,IGR,FALSE,FALSE,FALSE,FALSE,2,1,1,1_1,d88296ac-bb0d-47ab-9051-6c358f0af780,NA
3,78299558,78299558,1,snv_mnv,NA,NA,"dkfz,muse,sanger",3,COSN19313627,NA,NA,FALSE,0.2083,NA,5,19,NA,NA,NA,IGR,FALSE,FALSE,FALSE,FALSE,2,1,1,1_1,d88296ac-bb0d-47ab-9051-6c358f0af780,NA
3,78618294,78618294,1,snv_mnv,NA,NA,"broad,dkfz,muse,sanger",4,COSN19313568,NA,NA,FALSE,0.2326,NA,10,33,NA,NA,NA,IGR,FALSE,FALSE,FALSE,FALSE,2,1,1,1_1,d88296ac-bb0d-47ab-9051-6c358f0af780,NA
3,79158287,79158287,1,snv_mnv,NA,NA,"broad,muse,sanger",3,COSN19313670,NA,NA,FALSE,0.1471,NA,5,29,NA,NA,NA,Intron,FALSE,FALSE,TRUE,FALSE,2,1,1,1_1,d88296ac-bb0d-47ab-9051-6c358f0af780,NA
3,79225908,79225908,1,snv_mnv,NA,NA,"broad,dkfz,muse,sanger",4,COSN19313629,NA,AluSz,FALSE,0.2895,NA,11,27,NA,NA,NA,Intron,FALSE,FALSE,FALSE,FALSE,2,1,1,1_1,d88296ac-bb0d-47ab-9051-6c358f0af780,NA
3,79862683,79862683,1,snv_mnv,NA,NA,"broad,dkfz,muse",3,COSN19313636,NA,NA,FALSE,0.1538,NA,4,22,NA,NA,NA,IGR,FALSE,FALSE,FALSE,FALSE,2,1,1,1_1,d88296ac-bb0d-47ab-9051-6c358f0af780,NA
3,79913695,79913695,1,snv_mnv,NA,NA,"broad,dkfz,muse,sanger",4,COSN19313554,NA,MLT2C2,FALSE,0.4688,NA,15,17,NA,NA,NA,IGR,FALSE,FALSE,FALSE,FALSE,2,1,1,1_1,d88296ac-bb0d-47ab-9051-6c358f0af780,NA
3,80193973,80193973,1,snv_mnv,NA,NA,"dkfz,muse,sanger",3,COSN19313600,NA,L1MA3,FALSE,0.175,NA,7,33,NA,NA,NA,IGR,FALSE,FALSE,FALSE,FALSE,2,1,1,1_1,d88296ac-bb0d-47ab-9051-6c358f0af780,NA
3,80580439,80580439,1,snv_mnv,NA,NA,"broad,muse,sanger",3,COSN19313531,NA,L1MD1,FALSE,0.1724,NA,5,24,NA,NA,NA,IGR,FALSE,FALSE,TRUE,FALSE,2,1,1,1_1,d88296ac-bb0d-47ab-9051-6c358f0af780,NA
3,80605859,80605859,1,snv_mnv,NA,NA,"broad,dkfz,muse,sanger",4,COSN19313634,NA,NA,FALSE,0.5349,NA,23,20,NA,NA,NA,IGR,FALSE,FALSE,FALSE,FALSE,2,1,1,1_1,d88296ac-bb0d-47ab-9051-6c358f0af780,NA
3,80631233,80631233,1,snv_mnv,NA,NA,"muse,sanger",2,COSN19313625,NA,MLT2A1,FALSE,0.2143,NA,6,22,NA,NA,NA,IGR,FALSE,FALSE,FALSE,FALSE,2,1,1,1_1,d88296ac-bb0d-47ab-9051-6c358f0af780,NA
3,80884827,80884827,1,snv_mnv,NA,NA,"broad,dkfz,muse,sanger",4,COSN19313673,NA,NA,FALSE,0.2222,NA,6,21,NA,NA,NA,IGR,FALSE,FALSE,FALSE,FALSE,2,1,1,1_1,d88296ac-bb0d-47ab-9051-6c358f0af780,NA
3,81227083,81227083,1,snv_mnv,NA,NA,"dkfz,muse,sanger",3,COSN19313657,rs745869304,L2,FALSE,0.1556,NA,7,38,NA,NA,NA,IGR,FALSE,FALSE,FALSE,FALSE,2,1,1,1_1,d88296ac-bb0d-47ab-9051-6c358f0af780,NA
3,82606907,82606907,1,snv_mnv,NA,NA,"broad,dkfz,muse,sanger",4,COSN19313607,NA,NA,FALSE,0.1316,NA,5,33,NA,NA,NA,IGR,FALSE,FALSE,FALSE,FALSE,2,1,1,1_1,d88296ac-bb0d-47ab-9051-6c358f0af780,NA
3,83016007,83016007,1,snv_mnv,NA,NA,"broad,dkfz,muse,sanger",4,COSN19313647,NA,NA,FALSE,0.6038,NA,32,21,NA,NA,NA,IGR,FALSE,FALSE,FALSE,FALSE,2,1,1,1_1,d88296ac-bb0d-47ab-9051-6c358f0af780,NA
3,83173827,83173827,1,snv_mnv,NA,NA,"broad,dkfz,muse,sanger",4,COSN19313603,NA,NA,FALSE,0.2581,NA,8,23,NA,NA,NA,IGR,FALSE,FALSE,FALSE,FALSE,2,1,1,1_1,d88296ac-bb0d-47ab-9051-6c358f0af780,NA
3,83382484,83382484,1,snv_mnv,NA,NA,"broad,dkfz,muse,sanger",4,COSN19313557,NA,NA,FALSE,0.2895,NA,11,27,NA,NA,NA,IGR,FALSE,FALSE,TRUE,FALSE,2,1,1,1_1,d88296ac-bb0d-47ab-9051-6c358f0af780,NA
3,84235150,84235150,1,snv_mnv,NA,NA,"broad,dkfz,muse,sanger",4,COSN19313675,NA,NA,FALSE,0.3704,NA,20,34,NA,NA,NA,IGR,FALSE,FALSE,FALSE,FALSE,2,1,1,1_1,d88296ac-bb0d-47ab-9051-6c358f0af780,NA
3,84796712,84796712,1,snv_mnv,NA,NA,"broad,dkfz,muse,sanger",4,COSN19313593,NA,NA,FALSE,0.3939,NA,13,20,NA,NA,NA,lincRNA,FALSE,FALSE,FALSE,FALSE,2,1,1,1_1,d88296ac-bb0d-47ab-9051-6c358f0af780,NA
3,86819212,86819212,1,snv_mnv,NA,NA,"broad,dkfz,muse,sanger",4,COSN19313616,NA,NA,FALSE,0.2,NA,8,32,NA,NA,NA,IGR,FALSE,FALSE,FALSE,FALSE,2,1,1,1_1,d88296ac-bb0d-47ab-9051-6c358f0af780,NA
3,88322086,88322086,1,snv_mnv,NA,NA,"broad,dkfz,muse,sanger",4,COSN19313543,NA,L1ME3A,FALSE,0.4524,NA,19,23,NA,NA,NA,IGR,FALSE,FALSE,FALSE,FALSE,2,1,1,1_1,d88296ac-bb0d-47ab-9051-6c358f0af780,NA
3,89699854,89699854,1,snv_mnv,NA,NA,"dkfz,sanger",2,COSN19313570,NA,Tigger14a,FALSE,0.2353,NA,8,26,NA,NA,NA,IGR,FALSE,FALSE,TRUE,FALSE,2,1,1,1_1,d88296ac-bb0d-47ab-9051-6c358f0af780,NA
3,94429455,94429455,1,snv_mnv,NA,NA,"broad,dkfz,muse,sanger",4,COSN19313601,NA,NA,FALSE,0.3714,NA,13,22,NA,NA,NA,IGR,FALSE,FALSE,FALSE,FALSE,2,1,1,1_1,d88296ac-bb0d-47ab-9051-6c358f0af780,NA
3,94491132,94491132,1,snv_mnv,NA,NA,"broad,dkfz,muse,sanger",4,COSN19313646,NA,L1MC1,FALSE,0.4783,NA,22,24,NA,NA,NA,IGR,FALSE,FALSE,FALSE,FALSE,2,1,1,1_1,d88296ac-bb0d-47ab-9051-6c358f0af780,NA
3,94641112,94641112,1,snv_mnv,NA,NA,"broad,dkfz,muse,sanger",4,COSN19313585,NA,NA,FALSE,0.1471,NA,5,29,NA,NA,NA,IGR,FALSE,FALSE,FALSE,FALSE,2,1,1,1_1,d88296ac-bb0d-47ab-9051-6c358f0af780,NA
3,94667955,94667955,1,snv_mnv,NA,NA,"broad,dkfz,muse,sanger",4,COSN19313623,NA,NA,FALSE,0.1818,NA,6,27,NA,NA,NA,lincRNA,FALSE,FALSE,TRUE,FALSE,2,1,1,1_1,d88296ac-bb0d-47ab-9051-6c358f0af780,NA
3,95728911,95728911,1,snv_mnv,NA,NA,"broad,dkfz,muse,sanger",4,COSN19313660,NA,NA,FALSE,0.5714,NA,24,18,NA,NA,NA,IGR,FALSE,FALSE,FALSE,FALSE,2,1,1,1_1,d88296ac-bb0d-47ab-9051-6c358f0af780,NA
3,96663040,96663040,1,snv_mnv,NA,NA,"broad,dkfz,muse,sanger",4,COSN19313664,NA,L2,FALSE,0.2069,NA,6,23,NA,NA,NA,Intron,FALSE,FALSE,FALSE,FALSE,2,1,1,1_1,d88296ac-bb0d-47ab-9051-6c358f0af780,NA
3,96733083,96733083,1,snv_mnv,NA,NA,"broad,dkfz,muse,sanger",4,COSN19313583,NA,NA,FALSE,0.2941,NA,10,24,NA,NA,NA,Intron,FALSE,FALSE,FALSE,FALSE,2,1,1,1_1,d88296ac-bb0d-47ab-9051-6c358f0af780,EPHA6
3,100266427,100266427,1,snv_mnv,NA,NA,"broad,dkfz,muse",3,COSN19313641,NA,Tigger2a,FALSE,0.4412,NA,15,19,NA,NA,NA,Intron,FALSE,FALSE,FALSE,FALSE,2,1,1,1_1,d88296ac-bb0d-47ab-9051-6c358f0af780,NA
3,100692600,100692600,1,snv_mnv,NA,NA,"broad,dkfz,muse,sanger",4,COSN19313586,NA,NA,FALSE,0.4444,NA,12,15,NA,NA,NA,Intron,FALSE,FALSE,FALSE,FALSE,2,1,1,1_1,d88296ac-bb0d-47ab-9051-6c358f0af780,NA
3,102028353,102028353,1,snv_mnv,NA,NA,"broad,sanger",2,COSN19313579,NA,L1MA3,FALSE,0.1316,NA,5,33,NA,NA,NA,Intron,FALSE,FALSE,FALSE,FALSE,2,1,1,1_1,d88296ac-bb0d-47ab-9051-6c358f0af780,NA
3,104608456,104608456,1,snv_mnv,NA,NA,"broad,dkfz,muse,sanger",4,COSN19313567,NA,NA,FALSE,0.4545,NA,20,24,NA,NA,NA,IGR,FALSE,FALSE,FALSE,FALSE,2,1,1,1_1,d88296ac-bb0d-47ab-9051-6c358f0af780,NA
3,105516179,105516179,1,snv_mnv,NA,NA,"broad,dkfz,muse,sanger",4,COSN19313662,NA,L1PA15,FALSE,0.25,NA,9,27,NA,NA,NA,Intron,FALSE,FALSE,TRUE,FALSE,2,1,1,1_1,d88296ac-bb0d-47ab-9051-6c358f0af780,NA
3,105516296,105516296,1,snv_mnv,NA,NA,"broad,muse,sanger",3,COSN19313553,NA,L1PA15,FALSE,0.2143,NA,6,22,NA,NA,NA,Intron,FALSE,FALSE,FALSE,FALSE,2,1,1,1_1,d88296ac-bb0d-47ab-9051-6c358f0af780,NA
3,108409425,108409425,1,snv_mnv,NA,NA,"dkfz,sanger",2,COSN19313594,NA,NA,FALSE,0.5938,NA,19,13,NA,NA,NA,Intron,FALSE,FALSE,FALSE,FALSE,2,1,1,1_1,d88296ac-bb0d-47ab-9051-6c358f0af780,NA
3,108419712,108419712,1,snv_mnv,NA,NA,"broad,dkfz,muse,sanger",4,COSN19313591,NA,L1MA2,FALSE,0.325,NA,13,27,NA,NA,NA,IGR,FALSE,FALSE,FALSE,FALSE,2,1,1,1_1,d88296ac-bb0d-47ab-9051-6c358f0af780,NA
3,109494098,109494098,1,snv_mnv,NA,NA,"broad,dkfz,muse,sanger",4,COSN19313552,NA,HERVL-int,FALSE,0.5278,NA,19,17,NA,NA,NA,lincRNA,FALSE,FALSE,FALSE,FALSE,2,1,1,1_1,d88296ac-bb0d-47ab-9051-6c358f0af780,NA
3,110339274,110339274,1,snv_mnv,NA,NA,"broad,dkfz,muse,sanger",4,COSN19313545,NA,NA,FALSE,0.6,NA,18,12,NA,NA,NA,IGR,FALSE,FALSE,FALSE,FALSE,2,1,1,1_1,d88296ac-bb0d-47ab-9051-6c358f0af780,NA
3,110579555,110579555,1,snv_mnv,NA,NA,"broad,dkfz,muse,sanger",4,COSN19313604,NA,NA,FALSE,0.5909,NA,26,18,NA,NA,NA,IGR,FALSE,FALSE,FALSE,FALSE,2,1,1,1_1,d88296ac-bb0d-47ab-9051-6c358f0af780,NA
3,111106128,111106128,1,snv_mnv,NA,NA,"broad,dkfz,muse,sanger",4,COSN19313635,NA,L1PA3,FALSE,0.375,NA,9,15,NA,NA,NA,IGR,FALSE,FALSE,TRUE,FALSE,2,1,1,1_1,d88296ac-bb0d-47ab-9051-6c358f0af780,NA
3,113774369,113774369,1,snv_mnv,NA,NA,"broad,dkfz,muse,sanger",4,COSN19313632,NA,NA,FALSE,0.3235,NA,11,23,NA,NA,NA,Intron,FALSE,FALSE,FALSE,FALSE,2,1,1,1_1,d88296ac-bb0d-47ab-9051-6c358f0af780,QTRT2
3,114560467,114560467,1,snv_mnv,NA,NA,"broad,dkfz,muse,sanger",4,COSN19313534,NA,L2b,FALSE,0.2059,NA,7,27,NA,NA,NA,Intron,FALSE,FALSE,FALSE,FALSE,2,1,1,1_1,d88296ac-bb0d-47ab-9051-6c358f0af780,NA
3,115166610,115166610,1,snv_mnv,NA,NA,"broad,dkfz,muse,sanger",4,COSN19313644,NA,NA,FALSE,0.3103,NA,9,20,NA,NA,NA,IGR,FALSE,FALSE,FALSE,FALSE,2,1,1,1_1,d88296ac-bb0d-47ab-9051-6c358f0af780,NA
3,117527861,117527861,1,snv_mnv,NA,NA,"broad,dkfz,muse,sanger",4,COSN5144818,NA,AluY,FALSE,0.5714,NA,8,6,NA,NA,NA,Intron,FALSE,FALSE,FALSE,FALSE,2,1,1,1_1,d88296ac-bb0d-47ab-9051-6c358f0af780,NA
3,117822812,117822812,1,snv_mnv,NA,NA,"broad,dkfz,muse,sanger",4,COSN19313626,NA,L1M5,FALSE,0.3103,NA,9,20,NA,NA,NA,lincRNA,FALSE,FALSE,FALSE,FALSE,2,1,1,1_1,d88296ac-bb0d-47ab-9051-6c358f0af780,NA
3,119888552,119888552,1,snv_mnv,NA,NA,"broad,dkfz,muse,sanger",4,COSN19313677,NA,NA,FALSE,0.1538,NA,4,22,NA,NA,NA,Intron,FALSE,FALSE,FALSE,FALSE,2,1,1,1_1,d88296ac-bb0d-47ab-9051-6c358f0af780,NA
3,119991947,119991947,1,snv_mnv,NA,NA,"broad,dkfz,muse,sanger",4,COSN19313620,NA,AluJb,FALSE,0.3462,NA,9,17,NA,NA,NA,Intron,FALSE,FALSE,FALSE,FALSE,2,1,1,1_1,d88296ac-bb0d-47ab-9051-6c358f0af780,NA
3,123808130,123808130,1,snv_mnv,1.9968e-4,rs555438182,"broad,dkfz,muse,sanger",4,COSN19313580,rs555438182,NA,FALSE,0.4828,NA,14,15,NA,NA,NA,Intron,FALSE,FALSE,FALSE,FALSE,2,1,1,1_1,d88296ac-bb0d-47ab-9051-6c358f0af780,NA
3,126780288,126780288,1,snv_mnv,NA,NA,"broad,dkfz,muse,sanger",4,COSN19313549,NA,L1MC3,FALSE,0.6786,NA,19,9,NA,NA,NA,IGR,FALSE,FALSE,FALSE,FALSE,2,1,1,1_1,d88296ac-bb0d-47ab-9051-6c358f0af780,NA
3,128222583,128222583,1,snv_mnv,NA,NA,"muse,sanger",2,COSN19313653,NA,AluJb,FALSE,0.2083,NA,5,19,NA,NA,NA,RNA,FALSE,FALSE,FALSE,FALSE,2,1,1,1_1,d88296ac-bb0d-47ab-9051-6c358f0af780,GATA2-AS1
3,136651746,136651746,1,snv_mnv,NA,NA,"broad,dkfz,muse,sanger",4,COSN19313527,NA,L3,FALSE,0.4634,NA,19,22,NA,NA,NA,Intron,FALSE,FALSE,FALSE,FALSE,2,1,1,1_1,d88296ac-bb0d-47ab-9051-6c358f0af780,NCK1
3,136761191,136761191,1,snv_mnv,NA,NA,"broad,dkfz,muse,sanger",4,COSN19313569,NA,NA,FALSE,0.2308,NA,6,20,NA,NA,NA,IGR,FALSE,FALSE,FALSE,FALSE,2,1,1,1_1,d88296ac-bb0d-47ab-9051-6c358f0af780,NA
3,138107707,138107707,1,snv_mnv,NA,NA,"broad,muse",2,COSN19313605,NA,AluSq,FALSE,0.2174,NA,5,18,NA,NA,NA,Intron,FALSE,FALSE,FALSE,FALSE,2,1,1,1_1,d88296ac-bb0d-47ab-9051-6c358f0af780,NA
3,140433673,140433673,1,snv_mnv,NA,NA,"broad,dkfz,muse,sanger",4,COSN19313564,NA,NA,FALSE,0.2273,NA,5,17,NA,NA,NA,IGR,FALSE,FALSE,FALSE,FALSE,2,1,1,1_1,d88296ac-bb0d-47ab-9051-6c358f0af780,NA
3,141776740,141776740,1,snv_mnv,NA,NA,"dkfz,muse",2,COSN19313674,NA,NA,FALSE,0.1944,NA,7,29,NA,NA,NA,Intron,FALSE,FALSE,FALSE,FALSE,2,1,1,1_1,d88296ac-bb0d-47ab-9051-6c358f0af780,NA
3,143144858,143144858,1,snv_mnv,NA,NA,"broad,dkfz,muse,sanger",4,COSN19313606,NA,NA,FALSE,0.5161,NA,16,15,NA,NA,NA,Intron,FALSE,FALSE,FALSE,FALSE,2,1,1,1_1,d88296ac-bb0d-47ab-9051-6c358f0af780,NA
3,145575216,145575216,1,snv_mnv,NA,NA,"broad,dkfz,muse,sanger",4,COSN19313637,NA,NA,FALSE,0.4884,NA,21,22,NA,NA,NA,IGR,FALSE,FALSE,FALSE,FALSE,2,1,1,1_1,d88296ac-bb0d-47ab-9051-6c358f0af780,NA
3,145610781,145610781,1,snv_mnv,NA,NA,"broad,dkfz,muse,sanger",4,COSN19313598,NA,NA,FALSE,0.2857,NA,8,20,NA,NA,NA,IGR,FALSE,FALSE,FALSE,FALSE,2,1,1,1_1,d88296ac-bb0d-47ab-9051-6c358f0af780,NA
3,146505145,146505145,1,snv_mnv,NA,NA,"broad,dkfz,muse,sanger",4,COSN19313630,NA,NA,FALSE,0.186,NA,8,35,NA,NA,NA,IGR,FALSE,FALSE,FALSE,FALSE,2,1,1,1_1,d88296ac-bb0d-47ab-9051-6c358f0af780,NA
3,146895794,146895794,1,snv_mnv,NA,NA,"broad,dkfz,muse,sanger",4,COSN19313676,NA,NA,FALSE,0.1333,NA,4,26,NA,NA,NA,RNA,FALSE,FALSE,FALSE,FALSE,2,1,1,1_1,d88296ac-bb0d-47ab-9051-6c358f0af780,NA
3,150370246,150370246,1,snv_mnv,NA,NA,"broad,dkfz,muse,sanger",4,COSN19313540,NA,L1ME3C,FALSE,0.36,NA,9,16,NA,NA,NA,IGR,FALSE,FALSE,FALSE,FALSE,2,1,1,1_1,d88296ac-bb0d-47ab-9051-6c358f0af780,NA
3,151544694,151544694,1,snv_mnv,NA,NA,"broad,dkfz,muse,sanger",4,COSN19313668,NA,NA,FALSE,0.1522,NA,7,39,NA,NA,NA,Intron,FALSE,FALSE,FALSE,FALSE,2,1,1,1_1,d88296ac-bb0d-47ab-9051-6c358f0af780,AADAC
3,153022716,153022716,1,snv_mnv,NA,NA,"broad,dkfz,muse",3,COSN19313587,NA,NA,FALSE,0.1667,NA,7,35,NA,NA,NA,IGR,FALSE,FALSE,FALSE,FALSE,2,1,1,1_1,d88296ac-bb0d-47ab-9051-6c358f0af780,NA
3,153256312,153256312,1,snv_mnv,1.9968e-4,rs575569005,"broad,dkfz,muse,sanger",4,COSN19313658,rs575569005,NA,FALSE,0.1702,NA,8,39,NA,NA,NA,RNA,FALSE,FALSE,FALSE,FALSE,2,1,1,1_1,d88296ac-bb0d-47ab-9051-6c358f0af780,NA
3,153400266,153400266,1,snv_mnv,NA,NA,"broad,dkfz,muse",3,COSN19313665,NA,(TTATA)n,FALSE,0.4516,NA,14,17,NA,NA,NA,RNA,FALSE,FALSE,FALSE,FALSE,2,1,1,1_1,d88296ac-bb0d-47ab-9051-6c358f0af780,NA
3,154350168,154350168,1,snv_mnv,NA,NA,"broad,dkfz,muse,sanger",4,COSN19313590,NA,L1MA1,FALSE,0.5789,NA,22,16,NA,NA,NA,IGR,FALSE,FALSE,FALSE,FALSE,2,1,1,1_1,d88296ac-bb0d-47ab-9051-6c358f0af780,NA
3,158453894,158453894,1,snv_mnv,NA,NA,"broad,dkfz,muse,sanger",4,COSN19313563,NA,LTR16A2,FALSE,0.1875,NA,6,26,NA,NA,NA,RNA,FALSE,FALSE,FALSE,FALSE,2,1,1,1_1,d88296ac-bb0d-47ab-9051-6c358f0af780,"RARRES1,AC080013.1"
3,158690053,158690053,1,snv_mnv,NA,NA,"broad,dkfz,muse,sanger",4,COSN19313619,NA,L1MC5,FALSE,0.2051,NA,8,31,NA,NA,NA,Intron,FALSE,FALSE,FALSE,FALSE,2,1,1,1_1,d88296ac-bb0d-47ab-9051-6c358f0af780,NA
3,162902952,162902952,1,snv_mnv,NA,NA,"broad,dkfz,muse,sanger",4,COSN19313651,NA,NA,FALSE,0.1282,NA,5,34,NA,NA,NA,lincRNA,FALSE,FALSE,FALSE,FALSE,2,1,1,1_1,d88296ac-bb0d-47ab-9051-6c358f0af780,LINC01192
3,164637215,164637215,1,snv_mnv,NA,NA,"broad,dkfz,muse,sanger",4,COSN19313535,NA,NA,FALSE,0.2,NA,6,24,NA,NA,NA,IGR,FALSE,FALSE,FALSE,FALSE,2,1,1,1_1,d88296ac-bb0d-47ab-9051-6c358f0af780,NA
3,164904474,164904474,1,snv_mnv,NA,NA,"broad,dkfz,muse,sanger",4,COSN19313550,NA,NA,FALSE,0.3077,NA,12,27,NA,NA,NA,IGR,FALSE,FALSE,FALSE,FALSE,2,1,1,1_1,d88296ac-bb0d-47ab-9051-6c358f0af780,SLITRK3
3,165113855,165113855,1,snv_mnv,NA,NA,"broad,muse,sanger",3,COSN19313642,NA,L1PA15,FALSE,0.1818,NA,6,27,NA,NA,NA,IGR,FALSE,FALSE,FALSE,FALSE,2,1,1,1_1,d88296ac-bb0d-47ab-9051-6c358f0af780,NA
3,166316517,166316517,1,snv_mnv,1.9968e-4,rs184582740,"broad,dkfz,muse,sanger",4,COSN19313555,rs184582740,NA,FALSE,0.2439,NA,10,31,NA,NA,NA,IGR,FALSE,FALSE,FALSE,FALSE,2,1,1,1_1,d88296ac-bb0d-47ab-9051-6c358f0af780,NA
3,168190563,168190563,1,snv_mnv,NA,NA,"broad,dkfz,muse,sanger",4,COSN19313612,NA,LTR37A,FALSE,0.5366,NA,22,19,NA,NA,NA,RNA,FALSE,FALSE,FALSE,FALSE,2,1,1,1_1,d88296ac-bb0d-47ab-9051-6c358f0af780,RNU2-20P
3,169733315,169733315,1,snv_mnv,NA,NA,"broad,dkfz,muse,sanger",4,COSN19313548,NA,NA,FALSE,0.561,NA,23,18,NA,NA,NA,IGR,FALSE,FALSE,FALSE,FALSE,2,1,1,1_1,d88296ac-bb0d-47ab-9051-6c358f0af780,NA
3,171403752,171403752,1,snv_mnv,NA,NA,"broad,muse",2,COSN19313609,NA,AluSz6,FALSE,0.1429,NA,3,18,NA,NA,NA,Intron,FALSE,FALSE,FALSE,FALSE,2,1,1,1_1,d88296ac-bb0d-47ab-9051-6c358f0af780,PLD1
3,173170951,173170951,1,snv_mnv,NA,NA,"dkfz,muse,sanger",3,COSN19313528,NA,AluJb,FALSE,0.1714,NA,6,29,NA,NA,NA,Intron,FALSE,FALSE,FALSE,FALSE,2,1,1,1_1,d88296ac-bb0d-47ab-9051-6c358f0af780,NA
3,174706930,174706930,1,snv_mnv,NA,NA,"broad,dkfz,muse,sanger",4,COSN19313615,NA,MSTB1,FALSE,0.1944,NA,7,29,NA,NA,NA,Intron,FALSE,FALSE,FALSE,FALSE,2,1,1,1_1,d88296ac-bb0d-47ab-9051-6c358f0af780,NA
3,174806012,174806012,1,snv_mnv,NA,NA,"broad,dkfz,muse,sanger",4,COSN19313663,NA,NA,FALSE,0.4545,NA,20,24,NA,NA,NA,Intron,FALSE,FALSE,FALSE,FALSE,2,1,1,1_1,d88296ac-bb0d-47ab-9051-6c358f0af780,NA
3,174938265,174938265,1,snv_mnv,NA,NA,"broad,dkfz,muse,sanger",4,COSN19313659,NA,L1ME3,FALSE,0.4634,NA,19,22,NA,NA,NA,Intron,FALSE,FALSE,FALSE,FALSE,2,1,1,1_1,d88296ac-bb0d-47ab-9051-6c358f0af780,NA
3,176036876,176036876,1,snv_mnv,NA,NA,"broad,dkfz,muse,sanger",4,COSN19313542,NA,NA,FALSE,0.4848,NA,16,17,NA,NA,NA,IGR,FALSE,FALSE,FALSE,FALSE,2,1,1,1_1,d88296ac-bb0d-47ab-9051-6c358f0af780,NA
3,177044088,177044088,1,snv_mnv,NA,NA,"broad,dkfz,muse,sanger",4,COSN19313669,NA,ERVL-E-int,FALSE,0.25,NA,10,30,NA,NA,NA,lincRNA,FALSE,FALSE,FALSE,FALSE,2,1,1,1_1,d88296ac-bb0d-47ab-9051-6c358f0af780,LINC00501
3,177375541,177375541,1,snv_mnv,NA,NA,"broad,dkfz,muse,sanger",4,COSN19313618,NA,NA,FALSE,0.2,NA,8,32,NA,NA,NA,lincRNA,FALSE,FALSE,FALSE,FALSE,2,1,1,1_1,d88296ac-bb0d-47ab-9051-6c358f0af780,NA
3,178328713,178328713,1,snv_mnv,NA,NA,"broad,dkfz,muse,sanger",4,COSN19313624,NA,L1MA1,FALSE,0.4667,NA,14,16,NA,NA,NA,Intron,FALSE,FALSE,FALSE,FALSE,2,1,1,1_1,d88296ac-bb0d-47ab-9051-6c358f0af780,NA
3,184034781,184034781,1,snv_mnv,NA,NA,"broad,dkfz,muse,sanger",4,COSN19313617,rs769829223,NA,FALSE,0.2059,NA,7,27,NA,NA,NA,Intron,FALSE,FALSE,FALSE,FALSE,2,1,1,1_1,d88296ac-bb0d-47ab-9051-6c358f0af780,EIF4G1
3,186551242,186551242,1,snv_mnv,NA,NA,"broad,dkfz,muse,sanger",4,COSN19313661,NA,NA,FALSE,0.3333,NA,9,18,NA,NA,NA,IGR,FALSE,FALSE,FALSE,FALSE,2,1,1,1_1,d88296ac-bb0d-47ab-9051-6c358f0af780,NA
3,187462979,187462979,1,snv_mnv,NA,NA,"broad,dkfz,muse,sanger",4,COSN19312585,NA,NA,FALSE,0.5128,NA,20,19,NA,NA,NA,Intron,FALSE,FALSE,FALSE,FALSE,2,1,1,1_1,d88296ac-bb0d-47ab-9051-6c358f0af780,NA
3,192795723,192795723,1,snv_mnv,NA,NA,"broad,dkfz,muse,sanger",4,COSN19313666,NA,L1MC,FALSE,0.3409,NA,15,29,NA,NA,NA,IGR,FALSE,FALSE,FALSE,FALSE,2,1,1,1_1,d88296ac-bb0d-47ab-9051-6c358f0af780,NA
4,3346744,3346744,1,snv_mnv,NA,NA,"broad,dkfz,muse,sanger",4,COSN19314199,NA,MER65A,FALSE,0.2759,NA,8,21,NA,NA,NA,Intron,FALSE,FALSE,FALSE,FALSE,2,1,1,1_1,d88296ac-bb0d-47ab-9051-6c358f0af780,RGS12
4,10928734,10928734,1,snv_mnv,NA,NA,"broad,dkfz,muse,sanger",4,COSN19314156,NA,NA,FALSE,0.4545,NA,20,24,NA,NA,NA,IGR,FALSE,FALSE,FALSE,FALSE,2,1,1,1_1,d88296ac-bb0d-47ab-9051-6c358f0af780,NA
4,11405763,11405763,1,snv_mnv,NA,NA,"broad,dkfz,muse,sanger",4,COSN19314171,NA,AluSz6,FALSE,0.4054,NA,15,22,NA,NA,NA,Intron,FALSE,FALSE,FALSE,FALSE,2,1,1,1_1,d88296ac-bb0d-47ab-9051-6c358f0af780,NA
4,14261505,14261505,1,snv_mnv,NA,NA,"broad,dkfz,muse,sanger",4,COSN19314109,NA,NA,FALSE,0.2727,NA,9,24,NA,NA,NA,IGR,FALSE,FALSE,FALSE,FALSE,2,1,1,1_1,d88296ac-bb0d-47ab-9051-6c358f0af780,NA
4,17339207,17339207,1,snv_mnv,NA,NA,"broad,dkfz,muse,sanger",4,COSN19314121,NA,NA,FALSE,0.2258,NA,7,24,NA,NA,NA,IGR,FALSE,FALSE,FALSE,FALSE,2,1,1,1_1,d88296ac-bb0d-47ab-9051-6c358f0af780,NA
4,17524016,17524016,1,snv_mnv,NA,NA,"broad,dkfz,muse,sanger",4,COSN19314094,NA,NA,FALSE,0.4255,NA,20,27,NA,NA,NA,Intron,FALSE,FALSE,FALSE,FALSE,2,1,1,1_1,d88296ac-bb0d-47ab-9051-6c358f0af780,NA
4,19124913,19124913,1,snv_mnv,NA,NA,"broad,dkfz,muse,sanger",4,COSN19314090,NA,MIR,FALSE,0.1556,NA,7,38,NA,NA,NA,IGR,FALSE,FALSE,FALSE,FALSE,2,1,1,1_1,d88296ac-bb0d-47ab-9051-6c358f0af780,NA
4,19624811,19624811,1,snv_mnv,NA,NA,"broad,muse,sanger",3,COSN19314242,NA,L1MB3,FALSE,0.1389,NA,5,31,NA,NA,NA,lincRNA,FALSE,FALSE,FALSE,FALSE,2,1,1,1_1,d88296ac-bb0d-47ab-9051-6c358f0af780,NA
4,20030072,20030072,1,snv_mnv,NA,NA,"broad,dkfz,muse,sanger",4,COSN19314159,NA,NA,FALSE,0.5128,NA,20,19,NA,NA,NA,IGR,FALSE,FALSE,FALSE,FALSE,2,1,1,1_1,d88296ac-bb0d-47ab-9051-6c358f0af780,NA
4,21549866,21549866,1,snv_mnv,NA,NA,"broad,dkfz,muse,sanger",4,COSN19314232,NA,Tigger4b,FALSE,0.2432,NA,9,28,NA,NA,NA,Intron,FALSE,FALSE,FALSE,FALSE,2,1,1,1_1,d88296ac-bb0d-47ab-9051-6c358f0af780,KCNIP4
4,23115344,23115344,1,snv_mnv,NA,NA,"broad,dkfz,muse,sanger",4,COSN19314144,NA,NA,FALSE,0.3824,NA,13,21,NA,NA,NA,lincRNA,FALSE,FALSE,FALSE,FALSE,2,1,1,1_1,d88296ac-bb0d-47ab-9051-6c358f0af780,NA
4,23404939,23404939,1,snv_mnv,1.9968e-4,rs575732976,"broad,dkfz,muse,sanger",4,COSN19314231,rs575732976,L1PA16,FALSE,0.24,NA,6,19,NA,NA,NA,IGR,FALSE,FALSE,FALSE,FALSE,2,1,1,1_1,d88296ac-bb0d-47ab-9051-6c358f0af780,NA
4,24064776,24064776,1,snv_mnv,NA,NA,"broad,dkfz,muse,sanger",4,COSN19314085,NA,NA,FALSE,0.5926,NA,16,11,NA,NA,NA,IGR,FALSE,FALSE,FALSE,FALSE,2,1,1,1_1,d88296ac-bb0d-47ab-9051-6c358f0af780,NA
4,24872993,24872993,1,snv_mnv,NA,NA,"broad,dkfz,muse,sanger",4,COSN19314226,NA,NA,FALSE,0.2333,NA,7,23,NA,NA,NA,Intron,FALSE,FALSE,FALSE,FALSE,2,1,1,1_1,d88296ac-bb0d-47ab-9051-6c358f0af780,NA
4,29316957,29316957,1,snv_mnv,NA,NA,"broad,dkfz,muse,sanger",4,COSN19314076,NA,L1MB8,FALSE,0.4894,NA,23,24,NA,NA,NA,IGR,FALSE,FALSE,FALSE,FALSE,2,1,1,1_1,d88296ac-bb0d-47ab-9051-6c358f0af780,NA
4,30400776,30400776,1,snv_mnv,NA,NA,"broad,dkfz,muse,sanger",4,COSN19314123,NA,NA,FALSE,0.5152,NA,17,16,NA,NA,NA,IGR,FALSE,FALSE,FALSE,FALSE,2,1,1,1_1,d88296ac-bb0d-47ab-9051-6c358f0af780,NA
4,30820497,30820497,1,snv_mnv,NA,NA,"broad,dkfz,muse,sanger",4,COSN19314177,NA,NA,FALSE,0.5,NA,16,16,NA,NA,NA,Intron,FALSE,FALSE,TRUE,FALSE,2,1,1,1_1,d88296ac-bb0d-47ab-9051-6c358f0af780,NA
4,31139056,31139056,1,snv_mnv,NA,NA,"broad,muse,sanger",3,COSN19314071,NA,AluSz6,FALSE,0.1667,NA,5,25,NA,NA,NA,Intron,FALSE,FALSE,TRUE,FALSE,2,1,1,1_1,d88296ac-bb0d-47ab-9051-6c358f0af780,NA
4,33060635,33060635,1,snv_mnv,NA,NA,"broad,dkfz,muse,sanger",4,COSN19314237,NA,NA,FALSE,0.439,NA,18,23,NA,NA,NA,IGR,FALSE,FALSE,FALSE,FALSE,2,1,1,1_1,d88296ac-bb0d-47ab-9051-6c358f0af780,NA
4,33515531,33515531,1,snv_mnv,NA,NA,"broad,dkfz,muse,sanger",4,COSN19314172,NA,NA,FALSE,0.1892,NA,7,30,NA,NA,NA,IGR,FALSE,FALSE,TRUE,FALSE,2,1,1,1_1,d88296ac-bb0d-47ab-9051-6c358f0af780,NA
4,36480173,36480173,1,snv_mnv,NA,NA,"broad,dkfz,muse,sanger",4,COSN19314153,NA,MLT1A0,FALSE,0.1944,NA,7,29,NA,NA,NA,IGR,FALSE,FALSE,FALSE,FALSE,2,1,1,1_1,d88296ac-bb0d-47ab-9051-6c358f0af780,NA
4,41846734,41846734,1,snv_mnv,NA,NA,"broad,dkfz,muse,sanger",4,COSN19314223,NA,MLT1J,FALSE,0.2581,NA,8,23,NA,NA,NA,IGR,FALSE,FALSE,FALSE,FALSE,2,1,1,1_1,d88296ac-bb0d-47ab-9051-6c358f0af780,HMGB1P28
4,43637525,43637525,1,snv_mnv,NA,NA,"broad,dkfz,muse,sanger",4,COSN19314087,NA,MER63D,FALSE,0.1818,NA,8,36,NA,NA,NA,IGR,FALSE,FALSE,FALSE,FALSE,2,1,1,1_1,d88296ac-bb0d-47ab-9051-6c358f0af780,NA
4,43956521,43956521,1,snv_mnv,NA,NA,"broad,dkfz,muse,sanger",4,COSN19314218,NA,NA,FALSE,0.1951,NA,8,33,NA,NA,NA,IGR,FALSE,FALSE,FALSE,FALSE,2,1,1,1_1,d88296ac-bb0d-47ab-9051-6c358f0af780,NA
4,44285152,44285152,1,snv_mnv,NA,NA,"broad,dkfz,muse,sanger",4,COSN19314133,NA,AluSx,FALSE,0.5238,NA,11,10,NA,NA,NA,Intron,FALSE,FALSE,FALSE,FALSE,2,1,1,1_1,d88296ac-bb0d-47ab-9051-6c358f0af780,NA
4,46247944,46247944,1,snv_mnv,NA,NA,"broad,dkfz,muse,sanger",4,COSN19314137,NA,NA,FALSE,0.2059,NA,7,27,NA,NA,NA,IGR,FALSE,FALSE,TRUE,FALSE,2,1,1,1_1,d88296ac-bb0d-47ab-9051-6c358f0af780,"GABRA2,AC104072.1"
4,47086184,47086184,1,snv_mnv,NA,NA,"broad,dkfz,muse,sanger",4,COSN19314110,NA,NA,FALSE,0.2069,NA,6,23,NA,NA,NA,Intron,FALSE,FALSE,FALSE,FALSE,2,1,1,1_1,d88296ac-bb0d-47ab-9051-6c358f0af780,NA
4,47310249,47310249,1,snv_mnv,NA,NA,"broad,dkfz,muse,sanger",4,COSN19314158,NA,NA,FALSE,0.3902,NA,16,25,NA,NA,NA,Intron,FALSE,FALSE,FALSE,FALSE,2,1,1,1_1,d88296ac-bb0d-47ab-9051-6c358f0af780,NA
4,53126726,53126726,1,snv_mnv,NA,NA,"broad,dkfz,muse,sanger",4,COSN19314196,NA,NA,FALSE,0.1379,NA,4,25,NA,NA,NA,IGR,FALSE,FALSE,FALSE,FALSE,2,1,1,1_1,d88296ac-bb0d-47ab-9051-6c358f0af780,NA
4,58314468,58314468,1,snv_mnv,NA,NA,"broad,dkfz,muse",3,COSN19314148,NA,NA,FALSE,0.1562,NA,5,27,NA,NA,NA,lincRNA,FALSE,FALSE,FALSE,FALSE,2,1,1,1_1,d88296ac-bb0d-47ab-9051-6c358f0af780,NA
4,58356503,58356503,1,snv_mnv,NA,NA,"broad,dkfz,muse,sanger",4,COSN19314247,NA,NA,FALSE,0.1613,NA,5,26,NA,NA,NA,lincRNA,FALSE,FALSE,FALSE,FALSE,2,1,1,1_1,d88296ac-bb0d-47ab-9051-6c358f0af780,AC013724.1
4,58683587,58683587,1,snv_mnv,NA,NA,"broad,dkfz,muse,sanger",4,COSN19314162,NA,L1MC2,FALSE,0.5333,NA,16,14,NA,NA,NA,IGR,FALSE,FALSE,FALSE,FALSE,2,1,1,1_1,d88296ac-bb0d-47ab-9051-6c358f0af780,NA
4,59616515,59616515,1,snv_mnv,NA,NA,"broad,dkfz,muse,sanger",4,COSN19314089,NA,NA,FALSE,0.4074,NA,11,16,NA,NA,NA,IGR,FALSE,FALSE,TRUE,FALSE,2,1,1,1_1,d88296ac-bb0d-47ab-9051-6c358f0af780,NA
4,59901487,59901487,1,snv_mnv,NA,NA,"broad,muse,sanger",3,COSN19314222,NA,BLACKJACK,FALSE,0.2069,NA,6,23,NA,NA,NA,lincRNA,FALSE,FALSE,FALSE,FALSE,2,1,1,1_1,d88296ac-bb0d-47ab-9051-6c358f0af780,NA
4,60399568,60399568,1,snv_mnv,NA,NA,"broad,muse,sanger",3,COSN19314167,NA,HY1,FALSE,0.1765,NA,6,28,NA,NA,NA,RNA,FALSE,FALSE,FALSE,FALSE,2,1,1,1_1,d88296ac-bb0d-47ab-9051-6c358f0af780,NA
4,60488123,60488123,1,snv_mnv,NA,NA,"broad,dkfz,muse,sanger",4,COSN19314228,NA,L1ME1,FALSE,0.2333,NA,7,23,NA,NA,NA,lincRNA,FALSE,FALSE,FALSE,FALSE,2,1,1,1_1,d88296ac-bb0d-47ab-9051-6c358f0af780,NA
4,61425326,61425326,1,snv_mnv,NA,NA,"broad,muse,sanger",3,COSN19314206,NA,Tigger1,FALSE,0.1613,NA,5,26,NA,NA,NA,IGR,FALSE,FALSE,FALSE,FALSE,2,1,1,1_1,d88296ac-bb0d-47ab-9051-6c358f0af780,NA
4,61673464,61673464,1,snv_mnv,NA,NA,"broad,dkfz,muse,sanger",4,COSN19314134,NA,L1PB4,FALSE,0.1944,NA,7,29,NA,NA,NA,IGR,FALSE,FALSE,FALSE,FALSE,2,1,1,1_1,d88296ac-bb0d-47ab-9051-6c358f0af780,NA
4,61724694,61724694,1,snv_mnv,NA,NA,"broad,dkfz,muse,sanger",4,COSN19314165,NA,NA,FALSE,0.3333,NA,12,24,NA,NA,NA,IGR,FALSE,FALSE,FALSE,FALSE,2,1,1,1_1,d88296ac-bb0d-47ab-9051-6c358f0af780,NA
4,62191500,62191500,1,snv_mnv,NA,NA,"broad,dkfz,muse,sanger",4,COSN19314246,NA,NA,FALSE,0.3953,NA,17,26,NA,NA,NA,Intron,FALSE,FALSE,FALSE,FALSE,2,1,1,1_1,d88296ac-bb0d-47ab-9051-6c358f0af780,NA
4,62242294,62242294,1,snv_mnv,NA,NA,"broad,dkfz,muse,sanger",4,COSN19314166,NA,NA,FALSE,0.5556,NA,20,16,NA,NA,NA,Intron,FALSE,FALSE,FALSE,FALSE,2,1,1,1_1,d88296ac-bb0d-47ab-9051-6c358f0af780,NA
4,62352498,62352498,1,snv_mnv,NA,NA,"broad,dkfz,muse,sanger",4,COSN19314070,NA,NA,FALSE,0.4242,NA,14,19,NA,NA,NA,Intron,FALSE,FALSE,FALSE,FALSE,2,1,1,1_1,d88296ac-bb0d-47ab-9051-6c358f0af780,NA
4,62529933,62529933,1,snv_mnv,NA,NA,"broad,dkfz,muse,sanger",4,COSN19314074,NA,NA,FALSE,0.1471,NA,5,29,NA,NA,NA,Intron,FALSE,FALSE,FALSE,FALSE,2,1,1,1_1,d88296ac-bb0d-47ab-9051-6c358f0af780,NA
4,62951190,62951190,1,snv_mnv,NA,NA,"broad,dkfz,muse,sanger",4,COSN19314116,NA,NA,FALSE,0.1515,NA,5,28,NA,NA,NA,RNA,FALSE,FALSE,FALSE,FALSE,2,1,1,1_1,d88296ac-bb0d-47ab-9051-6c358f0af780,NA
4,63600926,63600926,1,snv_mnv,NA,NA,"broad,dkfz,muse,sanger",4,COSN19314157,NA,NA,FALSE,0.2128,NA,10,37,NA,NA,NA,IGR,FALSE,FALSE,FALSE,FALSE,2,1,1,1_1,d88296ac-bb0d-47ab-9051-6c358f0af780,NA
4,63780905,63780905,1,snv_mnv,NA,NA,"broad,dkfz,muse",3,COSN19314130,NA,L2a,FALSE,0.1667,NA,7,35,NA,NA,NA,IGR,FALSE,FALSE,FALSE,FALSE,2,1,1,1_1,d88296ac-bb0d-47ab-9051-6c358f0af780,NA
4,64383669,64383669,1,snv_mnv,NA,NA,"broad,dkfz,muse,sanger",4,COSN19314142,NA,Tigger1,FALSE,0.5778,NA,26,19,NA,NA,NA,IGR,FALSE,FALSE,FALSE,FALSE,2,1,1,1_1,d88296ac-bb0d-47ab-9051-6c358f0af780,NA
4,64710810,64710810,1,snv_mnv,NA,NA,"broad,muse,sanger",3,COSN19314175,NA,L1PA4,FALSE,0.5556,NA,20,16,NA,NA,NA,IGR,FALSE,FALSE,FALSE,FALSE,2,1,1,1_1,d88296ac-bb0d-47ab-9051-6c358f0af780,NA
4,64726870,64726870,1,snv_mnv,NA,NA,"broad,dkfz,muse,sanger",4,COSN19314126,NA,NA,FALSE,0.1818,NA,6,27,NA,NA,NA,IGR,FALSE,FALSE,FALSE,FALSE,2,1,1,1_1,d88296ac-bb0d-47ab-9051-6c358f0af780,NA
4,64848025,64848025,1,snv_mnv,NA,NA,"broad,dkfz,muse,sanger",4,COSN19314174,NA,L1M1,FALSE,0.2188,NA,7,25,NA,NA,NA,IGR,FALSE,FALSE,FALSE,FALSE,2,1,1,1_1,d88296ac-bb0d-47ab-9051-6c358f0af780,NA
4,64914982,64914982,1,snv_mnv,NA,NA,"broad,dkfz,muse,sanger",4,COSN19314149,NA,NA,FALSE,0.4722,NA,17,19,NA,NA,NA,IGR,FALSE,FALSE,FALSE,FALSE,2,1,1,1_1,d88296ac-bb0d-47ab-9051-6c358f0af780,NA
4,64916963,64916963,1,snv_mnv,NA,NA,"broad,dkfz,muse,sanger",4,COSN19314209,NA,NA,FALSE,0.5172,NA,15,14,NA,NA,NA,IGR,FALSE,FALSE,FALSE,FALSE,2,1,1,1_1,d88296ac-bb0d-47ab-9051-6c358f0af780,NA
4,66146637,66146637,1,snv_mnv,NA,NA,"broad,dkfz,muse,sanger",4,COSN19314215,NA,LTR16E1,FALSE,0.25,NA,7,21,NA,NA,NA,IGR,FALSE,FALSE,FALSE,FALSE,2,1,1,1_1,d88296ac-bb0d-47ab-9051-6c358f0af780,NA
4,68997149,68997149,1,snv_mnv,NA,NA,"broad,dkfz,muse,sanger",4,COSN19314201,NA,NA,FALSE,0.2571,NA,9,26,NA,NA,NA,5'Flank,FALSE,FALSE,FALSE,FALSE,2,1,1,1_1,d88296ac-bb0d-47ab-9051-6c358f0af780,TMPRSS11F
4,75928949,75928949,1,snv_mnv,NA,NA,"broad,dkfz,muse,sanger",4,COSN19314086,NA,NA,FALSE,0.4231,NA,11,15,NA,NA,NA,Intron,FALSE,FALSE,FALSE,FALSE,2,1,1,1_1,d88296ac-bb0d-47ab-9051-6c358f0af780,NA
4,78601248,78601248,1,snv_mnv,NA,NA,"broad,dkfz,muse,sanger",4,COSN19314145,NA,L1ME5,FALSE,0.5263,NA,20,18,NA,NA,NA,IGR,FALSE,FALSE,FALSE,FALSE,2,1,1,1_1,d88296ac-bb0d-47ab-9051-6c358f0af780,NA
4,80836017,80836017,1,snv_mnv,NA,NA,"broad,dkfz,muse,sanger",4,COSN19314097,NA,NA,FALSE,0.1944,NA,7,29,NA,NA,NA,Intron,FALSE,FALSE,TRUE,FALSE,2,1,1,1_1,d88296ac-bb0d-47ab-9051-6c358f0af780,NA
4,82118752,82118752,1,snv_mnv,NA,NA,"broad,dkfz,muse,sanger",4,COSN19314135,NA,MIRb,FALSE,0.4688,NA,15,17,NA,NA,NA,Intron,FALSE,FALSE,FALSE,FALSE,2,1,1,1_1,d88296ac-bb0d-47ab-9051-6c358f0af780,AC139722.1
4,86529152,86529152,1,snv_mnv,NA,NA,"dkfz,sanger",2,COSN19314119,NA,NA,FALSE,0.3333,NA,8,16,NA,NA,NA,Intron,FALSE,FALSE,FALSE,FALSE,2,1,1,1_1,d88296ac-bb0d-47ab-9051-6c358f0af780,NA
4,86700649,86700649,1,snv_mnv,NA,NA,"broad,dkfz,muse,sanger",4,COSN19314190,NA,NA,FALSE,0.25,NA,8,24,NA,NA,NA,Intron,FALSE,FALSE,FALSE,FALSE,2,1,1,1_1,d88296ac-bb0d-47ab-9051-6c358f0af780,NA
4,91970942,91970942,1,snv_mnv,NA,NA,"broad,dkfz,muse,sanger",4,COSN19314088,NA,NA,FALSE,0.4906,NA,26,27,NA,NA,NA,Intron,FALSE,FALSE,TRUE,FALSE,2,1,1,1_1,d88296ac-bb0d-47ab-9051-6c358f0af780,NA
4,92322687,92322687,1,snv_mnv,NA,NA,"broad,dkfz,muse,sanger",4,COSN19314077,NA,L1PA5,FALSE,0.375,NA,9,15,NA,NA,NA,Intron,FALSE,FALSE,FALSE,FALSE,2,1,1,1_1,d88296ac-bb0d-47ab-9051-6c358f0af780,NA
4,92555598,92555598,1,snv_mnv,NA,NA,"broad,dkfz,muse,sanger",4,COSN19314239,NA,L2,FALSE,0.1538,NA,6,33,NA,NA,NA,IGR,FALSE,FALSE,FALSE,FALSE,2,1,1,1_1,d88296ac-bb0d-47ab-9051-6c358f0af780,NA
4,92808196,92808196,1,snv_mnv,NA,NA,"broad,dkfz,muse,sanger",4,COSN19314185,NA,NA,FALSE,0.4062,NA,13,19,NA,NA,NA,lincRNA,FALSE,FALSE,FALSE,FALSE,2,1,1,1_1,d88296ac-bb0d-47ab-9051-6c358f0af780,"KRT19P6,AC093810.1"
4,92812682,92812682,1,snv_mnv,NA,NA,"broad,dkfz,muse,sanger",4,COSN19314234,NA,HERVL-int,FALSE,0.3077,NA,12,27,NA,NA,NA,lincRNA,FALSE,FALSE,FALSE,FALSE,2,1,1,1_1,d88296ac-bb0d-47ab-9051-6c358f0af780,NA
4,96640500,96640500,1,snv_mnv,NA,NA,"broad,dkfz,muse,sanger",4,COSN19314212,NA,MIRb,FALSE,0.4889,NA,22,23,NA,NA,NA,IGR,FALSE,FALSE,FALSE,FALSE,2,1,1,1_1,d88296ac-bb0d-47ab-9051-6c358f0af780,NA
4,96750940,96750940,1,snv_mnv,NA,NA,"broad,dkfz,muse,sanger",4,COSN19314163,NA,NA,FALSE,0.125,NA,4,28,NA,NA,NA,IGR,FALSE,FALSE,FALSE,FALSE,2,1,1,1_1,d88296ac-bb0d-47ab-9051-6c358f0af780,NA
4,97227808,97227808,1,snv_mnv,NA,NA,"broad,dkfz,muse,sanger",4,COSN19314192,NA,NA,FALSE,0.6,NA,27,18,NA,NA,NA,IGR,FALSE,FALSE,FALSE,FALSE,2,1,1,1_1,d88296ac-bb0d-47ab-9051-6c358f0af780,LINC02267
4,98472025,98472025,1,snv_mnv,NA,NA,"broad,dkfz,muse,sanger",4,COSN19314207,NA,LTR12_,FALSE,0.2647,NA,9,25,NA,NA,NA,Intron,FALSE,FALSE,FALSE,FALSE,2,1,1,1_1,d88296ac-bb0d-47ab-9051-6c358f0af780,NA
4,101180112,101180112,1,snv_mnv,NA,NA,"broad,dkfz,muse,sanger",4,COSN19314139,NA,NA,FALSE,0.1522,NA,7,39,NA,NA,NA,IGR,FALSE,FALSE,FALSE,FALSE,2,1,1,1_1,d88296ac-bb0d-47ab-9051-6c358f0af780,NA
4,101391943,101391943,1,snv_mnv,NA,NA,"broad,dkfz,muse,sanger",4,COSN19314084,NA,L1PA13,FALSE,0.26,NA,13,37,NA,NA,NA,Intron,FALSE,FALSE,FALSE,FALSE,2,1,1,1_1,d88296ac-bb0d-47ab-9051-6c358f0af780,EMCN
4,105873500,105873500,1,snv_mnv,NA,NA,"broad,dkfz,muse,sanger",4,COSN19314229,NA,NA,FALSE,0.1842,NA,7,31,NA,NA,NA,lincRNA,FALSE,FALSE,FALSE,FALSE,2,1,1,1_1,d88296ac-bb0d-47ab-9051-6c358f0af780,NA
4,106641084,106641084,1,snv_mnv,NA,NA,"broad,dkfz,muse",3,COSN19314140,NA,NA,FALSE,0.4,NA,8,12,NA,NA,NA,Intron,FALSE,FALSE,TRUE,FALSE,2,1,1,1_1,d88296ac-bb0d-47ab-9051-6c358f0af780,GSTCD
4,107950667,107950667,1,snv_mnv,NA,NA,"broad,muse,sanger",3,COSN19314095,NA,MIR,FALSE,0.1389,NA,5,31,NA,NA,NA,Intron,FALSE,FALSE,FALSE,FALSE,2,1,1,1_1,d88296ac-bb0d-47ab-9051-6c358f0af780,NA
4,108042657,108042657,1,snv_mnv,NA,NA,"broad,dkfz,muse,sanger",4,COSN19314101,NA,NA,FALSE,0.16,NA,8,42,NA,NA,NA,Intron,FALSE,FALSE,FALSE,FALSE,2,1,1,1_1,d88296ac-bb0d-47ab-9051-6c358f0af780,NA
4,108097013,108097013,1,snv_mnv,NA,NA,"broad,dkfz,muse,sanger",4,COSN19314164,NA,MLT2F,FALSE,0.2581,NA,8,23,NA,NA,NA,Intron,FALSE,FALSE,FALSE,FALSE,2,1,1,1_1,d88296ac-bb0d-47ab-9051-6c358f0af780,NA
4,110016995,110016995,1,snv_mnv,NA,NA,"broad,dkfz,muse,sanger",4,COSN19314235,NA,NA,FALSE,0.55,NA,22,18,NA,NA,NA,Intron,FALSE,FALSE,FALSE,FALSE,2,1,1,1_1,d88296ac-bb0d-47ab-9051-6c358f0af780,NA
4,110721638,110721638,1,snv_mnv,NA,NA,"broad,dkfz,muse,sanger",4,COSN19314069,NA,AluJo,FALSE,0.2609,NA,6,17,NA,NA,NA,Intron,FALSE,FALSE,FALSE,FALSE,2,1,1,1_1,d88296ac-bb0d-47ab-9051-6c358f0af780,NA
4,114422031,114422031,1,snv_mnv,NA,NA,"broad,dkfz,muse,sanger",4,COSN19314104,NA,NA,FALSE,0.4419,NA,19,24,NA,NA,NA,Intron,FALSE,FALSE,FALSE,FALSE,2,1,1,1_1,d88296ac-bb0d-47ab-9051-6c358f0af780,NA
4,116778002,116778002,1,snv_mnv,NA,NA,"broad,muse,sanger",3,COSN19314098,NA,AluY,FALSE,0.2222,NA,4,14,NA,NA,NA,IGR,FALSE,FALSE,FALSE,FALSE,2,1,1,1_1,d88296ac-bb0d-47ab-9051-6c358f0af780,NA
4,116783987,116783987,1,snv_mnv,NA,NA,"broad,dkfz,muse,sanger",4,COSN19314179,NA,L1MD3,FALSE,0.1622,NA,6,31,NA,NA,NA,IGR,FALSE,FALSE,FALSE,FALSE,2,1,1,1_1,d88296ac-bb0d-47ab-9051-6c358f0af780,NA
4,117820128,117820128,1,snv_mnv,NA,NA,"broad,dkfz,muse,sanger",4,COSN19314213,NA,NA,FALSE,0.4186,NA,18,25,NA,NA,NA,IGR,FALSE,FALSE,FALSE,FALSE,2,1,1,1_1,d88296ac-bb0d-47ab-9051-6c358f0af780,NA
4,118319219,118319219,1,snv_mnv,NA,NA,"broad,dkfz,muse,sanger",4,COSN19314230,NA,L1PA17,FALSE,0.3023,NA,13,30,NA,NA,NA,IGR,FALSE,FALSE,FALSE,FALSE,2,1,1,1_1,d88296ac-bb0d-47ab-9051-6c358f0af780,NA
4,119314751,119314751,1,snv_mnv,NA,NA,"broad,dkfz,muse,sanger",4,COSN19314150,NA,NA,FALSE,0.5385,NA,14,12,NA,NA,NA,IGR,FALSE,FALSE,TRUE,FALSE,2,1,1,1_1,d88296ac-bb0d-47ab-9051-6c358f0af780,NA
4,126202157,126202157,1,snv_mnv,NA,NA,"broad,muse,sanger",3,COSN19314236,NA,LTR12C,FALSE,0.1923,NA,5,21,NA,NA,NA,IGR,FALSE,FALSE,FALSE,FALSE,2,1,1,1_1,d88296ac-bb0d-47ab-9051-6c358f0af780,NA
4,126414385,126414385,1,snv_mnv,NA,NA,"broad,dkfz,muse,sanger",4,COSN19314102,NA,NA,FALSE,0.1622,NA,6,31,NA,NA,NA,IGR,FALSE,FALSE,TRUE,FALSE,2,1,1,1_1,d88296ac-bb0d-47ab-9051-6c358f0af780,FAT4
4,126900004,126900004,1,snv_mnv,NA,NA,"broad,dkfz,muse,sanger",4,COSN19314189,NA,L1M5,FALSE,0.2,NA,7,28,NA,NA,NA,IGR,FALSE,FALSE,FALSE,FALSE,2,1,1,1_1,d88296ac-bb0d-47ab-9051-6c358f0af780,NA
4,127309249,127309249,1,snv_mnv,NA,NA,"broad,dkfz,muse",3,COSN19314155,NA,(TG)n,FALSE,0.561,NA,23,18,NA,NA,NA,IGR,FALSE,FALSE,FALSE,FALSE,2,1,1,1_1,d88296ac-bb0d-47ab-9051-6c358f0af780,NA
4,131368723,131368723,1,snv_mnv,NA,NA,"broad,muse,sanger",3,COSN19314225,NA,L1M1,FALSE,0.1724,NA,5,24,NA,NA,NA,IGR,FALSE,FALSE,FALSE,FALSE,2,1,1,1_1,d88296ac-bb0d-47ab-9051-6c358f0af780,NA
4,132320180,132320180,1,snv_mnv,NA,NA,"broad,muse,sanger",3,COSN19314240,NA,L1PA7,FALSE,0.1613,NA,5,26,NA,NA,NA,IGR,FALSE,FALSE,FALSE,FALSE,2,1,1,1_1,d88296ac-bb0d-47ab-9051-6c358f0af780,NA
4,132320876,132320876,1,snv_mnv,NA,NA,"broad,dkfz,muse,sanger",4,COSN19314129,NA,L1PA7,FALSE,0.3103,NA,9,20,NA,NA,NA,IGR,FALSE,FALSE,FALSE,FALSE,2,1,1,1_1,d88296ac-bb0d-47ab-9051-6c358f0af780,NA
4,132476118,132476118,1,snv_mnv,NA,NA,"broad,dkfz,muse,sanger",4,COSN19314194,NA,L1ME3B,FALSE,0.3429,NA,12,23,NA,NA,NA,IGR,FALSE,FALSE,FALSE,FALSE,2,1,1,1_1,d88296ac-bb0d-47ab-9051-6c358f0af780,NA
4,132524294,132524294,1,snv_mnv,NA,NA,"broad,dkfz,muse,sanger",4,COSN19314132,NA,NA,FALSE,0.2703,NA,10,27,NA,NA,NA,IGR,FALSE,FALSE,TRUE,FALSE,2,1,1,1_1,d88296ac-bb0d-47ab-9051-6c358f0af780,NA
4,132790303,132790303,1,snv_mnv,NA,NA,"broad,muse,sanger",3,COSN19314112,NA,L1ME1,FALSE,0.3333,NA,13,26,NA,NA,NA,IGR,FALSE,FALSE,FALSE,FALSE,2,1,1,1_1,d88296ac-bb0d-47ab-9051-6c358f0af780,NA
4,133102915,133102915,1,snv_mnv,NA,NA,"broad,dkfz,muse,sanger",4,COSN19314079,NA,Tigger1,FALSE,0.1892,NA,7,30,NA,NA,NA,IGR,FALSE,FALSE,FALSE,FALSE,2,1,1,1_1,d88296ac-bb0d-47ab-9051-6c358f0af780,NA
4,133210420,133210420,1,snv_mnv,NA,NA,"broad,dkfz,muse,sanger",4,COSN19314107,NA,L1PB,FALSE,0.4524,NA,19,23,NA,NA,NA,IGR,FALSE,FALSE,FALSE,FALSE,2,1,1,1_1,d88296ac-bb0d-47ab-9051-6c358f0af780,NA
4,133265390,133265390,1,snv_mnv,NA,NA,"broad,dkfz,muse,sanger",4,COSN19314100,NA,L1PA10,FALSE,0.2121,NA,7,26,NA,NA,NA,IGR,FALSE,FALSE,FALSE,FALSE,2,1,1,1_1,d88296ac-bb0d-47ab-9051-6c358f0af780,NA
4,133637692,133637692,1,snv_mnv,NA,NA,"dkfz,muse,sanger",3,COSN19314187,NA,NA,FALSE,0.25,NA,6,18,NA,NA,NA,IGR,FALSE,FALSE,TRUE,FALSE,2,1,1,1_1,d88296ac-bb0d-47ab-9051-6c358f0af780,NA
4,133730267,133730267,1,snv_mnv,NA,NA,"broad,dkfz,muse,sanger",4,COSN19314245,NA,AT_rich,FALSE,0.4615,NA,18,21,NA,NA,NA,IGR,FALSE,FALSE,FALSE,FALSE,2,1,1,1_1,d88296ac-bb0d-47ab-9051-6c358f0af780,NA
4,133766620,133766620,1,snv_mnv,NA,NA,"broad,dkfz,muse,sanger",4,COSN19314118,NA,MSTB-int,FALSE,0.2619,NA,11,31,NA,NA,NA,lincRNA,FALSE,FALSE,FALSE,FALSE,2,1,1,1_1,d88296ac-bb0d-47ab-9051-6c358f0af780,NA
4,133767172,133767172,1,snv_mnv,NA,NA,"broad,dkfz,muse,sanger",4,COSN19314188,NA,MSTB,FALSE,0.2632,NA,10,28,NA,NA,NA,lincRNA,FALSE,FALSE,FALSE,FALSE,2,1,1,1_1,d88296ac-bb0d-47ab-9051-6c358f0af780,NA
4,134207273,134207273,1,snv_mnv,NA,NA,"broad,dkfz,muse,sanger",4,COSN19314227,NA,NA,FALSE,0.439,NA,18,23,NA,NA,NA,IGR,FALSE,FALSE,FALSE,FALSE,2,1,1,1_1,d88296ac-bb0d-47ab-9051-6c358f0af780,NA
4,134339058,134339058,1,snv_mnv,NA,NA,"broad,dkfz,muse,sanger",4,COSN19314220,NA,NA,FALSE,0.1667,NA,7,35,NA,NA,NA,IGR,FALSE,FALSE,FALSE,FALSE,2,1,1,1_1,d88296ac-bb0d-47ab-9051-6c358f0af780,NA
4,134425036,134425036,1,snv_mnv,NA,NA,"broad,dkfz,muse,sanger",4,COSN19314160,NA,LTR8A,FALSE,0.375,NA,15,25,NA,NA,NA,IGR,FALSE,FALSE,FALSE,FALSE,2,1,1,1_1,d88296ac-bb0d-47ab-9051-6c358f0af780,NA
4,134716110,134716110,1,snv_mnv,NA,NA,"broad,muse,sanger",3,COSN19314141,NA,AT_rich,FALSE,0.2333,NA,7,23,NA,NA,NA,IGR,FALSE,FALSE,FALSE,FALSE,2,1,1,1_1,d88296ac-bb0d-47ab-9051-6c358f0af780,NA
4,135421365,135421365,1,snv_mnv,NA,NA,"broad,dkfz,muse,sanger",4,COSN19314224,NA,NA,FALSE,0.4,NA,12,18,NA,NA,NA,IGR,FALSE,FALSE,FALSE,FALSE,2,1,1,1_1,d88296ac-bb0d-47ab-9051-6c358f0af780,NA
4,135705978,135705978,1,snv_mnv,NA,NA,"broad,dkfz,muse,sanger",4,COSN19314193,NA,L1PA7,FALSE,0.5263,NA,20,18,NA,NA,NA,lincRNA,FALSE,FALSE,FALSE,FALSE,2,1,1,1_1,d88296ac-bb0d-47ab-9051-6c358f0af780,NA
4,135916346,135916346,1,snv_mnv,NA,NA,"broad,dkfz,muse,sanger",4,COSN19314105,NA,NA,FALSE,0.1071,NA,3,25,NA,NA,NA,IGR,FALSE,FALSE,FALSE,FALSE,2,1,1,1_1,d88296ac-bb0d-47ab-9051-6c358f0af780,NA
4,135925767,135925767,1,snv_mnv,NA,NA,"broad,dkfz,muse,sanger",4,COSN19314205,NA,NA,FALSE,0.3125,NA,15,33,NA,NA,NA,IGR,FALSE,FALSE,FALSE,TRUE,2,1,1,1_1,d88296ac-bb0d-47ab-9051-6c358f0af780,NA
4,136108951,136108951,1,snv_mnv,NA,NA,"broad,dkfz,muse,sanger",4,COSN19314203,NA,Charlie8,FALSE,0.3,NA,12,28,NA,NA,NA,IGR,FALSE,FALSE,FALSE,FALSE,2,1,1,1_1,d88296ac-bb0d-47ab-9051-6c358f0af780,NA
4,136446243,136446243,1,snv_mnv,NA,NA,"broad,dkfz,muse,sanger",4,COSN19314124,NA,NA,FALSE,0.2,NA,6,24,NA,NA,NA,IGR,FALSE,FALSE,FALSE,FALSE,2,1,1,1_1,d88296ac-bb0d-47ab-9051-6c358f0af780,NA
4,136526844,136526844,1,snv_mnv,NA,NA,"broad,dkfz,muse,sanger",4,COSN19314072,NA,NA,FALSE,0.4286,NA,15,20,NA,NA,NA,IGR,FALSE,FALSE,FALSE,FALSE,2,1,1,1_1,d88296ac-bb0d-47ab-9051-6c358f0af780,NA
4,136643404,136643404,1,snv_mnv,NA,NA,"broad,dkfz,muse,sanger",4,COSN19314182,rs527506811,MLT1B,FALSE,0.2368,NA,9,29,NA,NA,NA,IGR,FALSE,FALSE,FALSE,FALSE,2,1,1,1_1,d88296ac-bb0d-47ab-9051-6c358f0af780,NA
4,136693886,136693886,1,snv_mnv,NA,NA,"broad,dkfz,muse,sanger",4,COSN19314181,NA,NA,FALSE,0.5294,NA,18,16,NA,NA,NA,IGR,FALSE,FALSE,FALSE,FALSE,2,1,1,1_1,d88296ac-bb0d-47ab-9051-6c358f0af780,NA
4,137327847,137327847,1,snv_mnv,NA,NA,"broad,dkfz,muse,sanger",4,COSN19314113,NA,NA,FALSE,0.1316,NA,5,33,NA,NA,NA,IGR,FALSE,FALSE,FALSE,FALSE,2,1,1,1_1,d88296ac-bb0d-47ab-9051-6c358f0af780,NA
4,137392209,137392209,1,snv_mnv,NA,NA,"broad,muse,sanger",3,COSN19314147,NA,L1MA4,FALSE,0.1471,NA,5,29,NA,NA,NA,IGR,FALSE,FALSE,FALSE,FALSE,2,1,1,1_1,d88296ac-bb0d-47ab-9051-6c358f0af780,NA
4,137614660,137614660,1,snv_mnv,NA,NA,"broad,muse,sanger",3,COSN19314091,NA,AT_rich,FALSE,0.119,NA,5,37,NA,NA,NA,IGR,FALSE,FALSE,FALSE,FALSE,2,1,1,1_1,d88296ac-bb0d-47ab-9051-6c358f0af780,NA
4,137746666,137746666,1,snv_mnv,NA,NA,"broad,dkfz,muse,sanger",4,COSN19314082,NA,NA,FALSE,0.3,NA,9,21,NA,NA,NA,lincRNA,FALSE,FALSE,FALSE,FALSE,2,1,1,1_1,d88296ac-bb0d-47ab-9051-6c358f0af780,NA
4,137806872,137806872,1,snv_mnv,NA,NA,"broad,dkfz,muse,sanger",4,COSN19314131,NA,AT_rich,FALSE,0.2353,NA,8,26,NA,NA,NA,lincRNA,FALSE,FALSE,FALSE,FALSE,2,1,1,1_1,d88296ac-bb0d-47ab-9051-6c358f0af780,NA
4,138172728,138172728,1,snv_mnv,NA,NA,"broad,dkfz,muse,sanger",4,COSN19314244,NA,NA,FALSE,0.2195,NA,9,32,NA,NA,NA,IGR,FALSE,FALSE,FALSE,FALSE,2,1,1,1_1,d88296ac-bb0d-47ab-9051-6c358f0af780,NA
4,140978690,140978690,1,snv_mnv,NA,NA,"broad,dkfz,muse,sanger",4,COSN19314120,rs76305362,Tigger15a,FALSE,0.25,NA,13,39,NA,NA,NA,Intron,FALSE,FALSE,FALSE,FALSE,2,1,1,1_1,d88296ac-bb0d-47ab-9051-6c358f0af780,NA
4,141586339,141586339,1,snv_mnv,NA,NA,"broad,dkfz,muse,sanger",4,COSN19314217,NA,L1MB8,FALSE,0.2273,NA,10,34,NA,NA,NA,Intron,FALSE,FALSE,FALSE,FALSE,2,1,1,1_1,d88296ac-bb0d-47ab-9051-6c358f0af780,TBC1D9
4,142848017,142848017,1,snv_mnv,NA,NA,"broad,dkfz,muse,sanger",4,COSN19314117,NA,NA,FALSE,0.1667,NA,5,25,NA,NA,NA,IGR,FALSE,FALSE,FALSE,FALSE,2,1,1,1_1,d88296ac-bb0d-47ab-9051-6c358f0af780,NA
4,143305429,143305429,1,snv_mnv,NA,NA,"broad,dkfz,muse,sanger",4,COSN19314154,NA,NA,FALSE,0.2727,NA,12,32,NA,NA,NA,Intron,FALSE,FALSE,TRUE,FALSE,2,1,1,1_1,d88296ac-bb0d-47ab-9051-6c358f0af780,NA
4,147016441,147016441,1,snv_mnv,NA,NA,"broad,dkfz,muse,sanger",4,COSN19314168,NA,NA,FALSE,0.1379,NA,4,25,NA,NA,NA,lincRNA,FALSE,FALSE,FALSE,FALSE,2,1,1,1_1,d88296ac-bb0d-47ab-9051-6c358f0af780,NA
4,147722991,147722991,1,snv_mnv,NA,NA,"broad,muse,sanger",3,COSN19314115,NA,AluY,FALSE,0.1818,NA,4,18,NA,NA,NA,Intron,FALSE,FALSE,FALSE,FALSE,2,1,1,1_1,d88296ac-bb0d-47ab-9051-6c358f0af780,TTC29
4,148381542,148381542,1,snv_mnv,NA,NA,"broad,dkfz,muse,sanger",4,COSN19314210,NA,NA,FALSE,0.6,NA,24,16,NA,NA,NA,IGR,FALSE,FALSE,FALSE,FALSE,2,1,1,1_1,d88296ac-bb0d-47ab-9051-6c358f0af780,PRMT5P1
4,149475985,149475985,1,snv_mnv,NA,NA,"broad,dkfz,muse,sanger",4,COSN19314152,NA,NA,FALSE,0.2857,NA,10,25,NA,NA,NA,IGR,FALSE,FALSE,FALSE,FALSE,2,1,1,1_1,d88296ac-bb0d-47ab-9051-6c358f0af780,RNA5SP166
4,149983319,149983319,1,snv_mnv,NA,NA,"broad,dkfz,muse,sanger",4,COSN19314169,NA,NA,FALSE,0.5676,NA,21,16,NA,NA,NA,lincRNA,FALSE,FALSE,FALSE,FALSE,2,1,1,1_1,d88296ac-bb0d-47ab-9051-6c358f0af780,NA
4,150173228,150173228,1,snv_mnv,NA,NA,"broad,dkfz,muse,sanger",4,COSN19314066,NA,NA,FALSE,0.5128,NA,20,19,NA,NA,NA,lincRNA,FALSE,FALSE,FALSE,FALSE,2,1,1,1_1,d88296ac-bb0d-47ab-9051-6c358f0af780,NA
4,150621964,150621964,1,snv_mnv,NA,NA,"broad,dkfz,muse,sanger",4,COSN19314075,NA,MIRb,FALSE,0.2105,NA,8,30,NA,NA,NA,lincRNA,FALSE,FALSE,FALSE,FALSE,2,1,1,1_1,d88296ac-bb0d-47ab-9051-6c358f0af780,NA
4,151455161,151455161,1,snv_mnv,NA,NA,"broad,dkfz,muse,sanger",4,COSN19314146,NA,NA,FALSE,0.1515,NA,5,28,NA,NA,NA,Intron,FALSE,FALSE,FALSE,FALSE,2,1,1,1_1,d88296ac-bb0d-47ab-9051-6c358f0af780,NA
4,155233618,155233618,1,snv_mnv,NA,NA,"broad,dkfz,muse,sanger",4,COSN19314216,NA,FRAM,FALSE,0.5676,NA,21,16,NA,NA,NA,Intron,FALSE,FALSE,FALSE,FALSE,2,1,1,1_1,d88296ac-bb0d-47ab-9051-6c358f0af780,NA
4,157802161,157802161,1,snv_mnv,NA,NA,"broad,dkfz,muse,sanger",4,COSN19314080,NA,Tigger1,FALSE,0.5,NA,20,20,NA,NA,NA,Intron,FALSE,FALSE,FALSE,FALSE,2,1,1,1_1,d88296ac-bb0d-47ab-9051-6c358f0af780,AC092608.3
4,157803948,157803948,1,snv_mnv,NA,NA,"broad,dkfz,muse,sanger",4,COSN19314241,NA,NA,FALSE,0.1892,NA,7,30,NA,NA,NA,Intron,FALSE,FALSE,FALSE,FALSE,2,1,1,1_1,d88296ac-bb0d-47ab-9051-6c358f0af780,AC092608.2
4,160758037,160758037,1,snv_mnv,NA,NA,"broad,dkfz,muse,sanger",4,COSN19314078,NA,MIRb,FALSE,0.4722,NA,17,19,NA,NA,NA,IGR,FALSE,FALSE,FALSE,FALSE,2,1,1,1_1,d88296ac-bb0d-47ab-9051-6c358f0af780,NA
4,160979221,160979221,1,snv_mnv,NA,NA,"broad,dkfz,muse,sanger",4,COSN19314180,NA,NA,FALSE,0.4103,NA,16,23,NA,NA,NA,IGR,FALSE,FALSE,FALSE,FALSE,2,1,1,1_1,d88296ac-bb0d-47ab-9051-6c358f0af780,NA
4,161280918,161280918,1,snv_mnv,NA,NA,"broad,dkfz,muse,sanger",4,COSN19314238,NA,NA,FALSE,0.3871,NA,12,19,NA,NA,NA,IGR,FALSE,FALSE,FALSE,FALSE,2,1,1,1_1,d88296ac-bb0d-47ab-9051-6c358f0af780,NA
4,161702169,161702169,1,snv_mnv,NA,NA,"broad,dkfz,muse,sanger",4,COSN19314143,NA,NA,FALSE,0.3111,NA,14,31,NA,NA,NA,IGR,FALSE,FALSE,FALSE,FALSE,2,1,1,1_1,d88296ac-bb0d-47ab-9051-6c358f0af780,NA
4,161924918,161924918,1,snv_mnv,NA,NA,"broad,dkfz,muse,sanger",4,COSN19314151,NA,MER52A,FALSE,0.3182,NA,7,15,NA,NA,NA,RNA,FALSE,FALSE,FALSE,FALSE,2,1,1,1_1,d88296ac-bb0d-47ab-9051-6c358f0af780,NA
4,162407248,162407248,1,snv_mnv,NA,NA,"broad,dkfz,muse,sanger",4,COSN19314204,NA,AluSz,FALSE,0.4375,NA,7,9,NA,NA,NA,Intron,FALSE,FALSE,FALSE,FALSE,2,1,1,1_1,d88296ac-bb0d-47ab-9051-6c358f0af780,NA
4,168115756,168115756,1,snv_mnv,NA,NA,"broad,dkfz,muse,sanger",4,COSN19314219,NA,L1MA9,FALSE,0.5135,NA,19,18,NA,NA,NA,Intron,FALSE,FALSE,FALSE,FALSE,2,1,1,1_1,d88296ac-bb0d-47ab-9051-6c358f0af780,NA
4,168188637,168188637,1,snv_mnv,NA,NA,"broad,dkfz,muse,sanger",4,COSN19314093,NA,L1ME3,FALSE,0.4583,NA,11,13,NA,NA,NA,IGR,FALSE,FALSE,FALSE,FALSE,2,1,1,1_1,d88296ac-bb0d-47ab-9051-6c358f0af780,NA
4,169060315,169060315,1,snv_mnv,NA,NA,"broad,dkfz,muse,sanger",4,COSN19314173,NA,L1P4,FALSE,0.2564,NA,10,29,NA,NA,NA,Intron,FALSE,FALSE,FALSE,FALSE,2,1,1,1_1,d88296ac-bb0d-47ab-9051-6c358f0af780,NA
4,170494007,170494007,1,snv_mnv,NA,NA,"broad,dkfz,muse,sanger",4,COSN19314122,NA,L2a,FALSE,0.1556,NA,7,38,NA,NA,NA,Intron,FALSE,FALSE,FALSE,FALSE,2,1,1,1_1,d88296ac-bb0d-47ab-9051-6c358f0af780,NEK1
4,172049812,172049812,1,snv_mnv,NA,NA,"broad,muse,sanger",3,COSN19314114,NA,NA,FALSE,0.1538,NA,4,22,NA,NA,NA,IGR,FALSE,FALSE,FALSE,FALSE,2,1,1,1_1,d88296ac-bb0d-47ab-9051-6c358f0af780,NA
4,172127644,172127644,1,snv_mnv,NA,NA,"broad,dkfz,muse,sanger",4,COSN19314186,NA,L1MD,FALSE,0.3667,NA,11,19,NA,NA,NA,IGR,FALSE,FALSE,FALSE,FALSE,2,1,1,1_1,d88296ac-bb0d-47ab-9051-6c358f0af780,NA
4,172274078,172274078,1,snv_mnv,NA,NA,"broad,dkfz,muse,sanger",4,COSN19314178,NA,NA,FALSE,0.1724,NA,5,24,NA,NA,NA,IGR,FALSE,FALSE,FALSE,FALSE,2,1,1,1_1,d88296ac-bb0d-47ab-9051-6c358f0af780,NA
4,172547967,172547967,1,snv_mnv,NA,NA,"broad,dkfz,muse,sanger",4,COSN19314221,NA,MLT1J-int,FALSE,0.3667,NA,11,19,NA,NA,NA,lincRNA,FALSE,FALSE,FALSE,FALSE,2,1,1,1_1,d88296ac-bb0d-47ab-9051-6c358f0af780,NA
4,177949040,177949040,1,snv_mnv,NA,NA,"broad,dkfz,muse,sanger",4,COSN19314127,rs531006878,L2c,FALSE,0.4722,NA,17,19,NA,NA,NA,IGR,FALSE,FALSE,FALSE,FALSE,2,1,1,1_1,d88296ac-bb0d-47ab-9051-6c358f0af780,NA
4,178824179,178824179,1,snv_mnv,NA,NA,"broad,dkfz,muse,sanger",4,COSN19314211,NA,L1MEg,FALSE,0.4762,NA,20,22,NA,NA,NA,Intron,FALSE,FALSE,FALSE,FALSE,2,1,1,1_1,d88296ac-bb0d-47ab-9051-6c358f0af780,LINC01099
4,179085006,179085006,1,snv_mnv,NA,NA,"broad,dkfz,muse,sanger",4,COSN19314103,NA,L1M5,FALSE,0.2368,NA,9,29,NA,NA,NA,IGR,FALSE,FALSE,FALSE,FALSE,2,1,1,1_1,d88296ac-bb0d-47ab-9051-6c358f0af780,NA
4,179862560,179862560,1,snv_mnv,NA,NA,"broad,dkfz,muse,sanger",4,COSN19314233,NA,AT_rich,FALSE,0.2632,NA,10,28,NA,NA,NA,IGR,FALSE,FALSE,FALSE,FALSE,2,1,1,1_1,d88296ac-bb0d-47ab-9051-6c358f0af780,NA
4,180133914,180133914,1,snv_mnv,NA,NA,"broad,dkfz,muse,sanger",4,COSN19314096,NA,NA,FALSE,0.15,NA,6,34,NA,NA,NA,IGR,FALSE,FALSE,FALSE,FALSE,2,1,1,1_1,d88296ac-bb0d-47ab-9051-6c358f0af780,NA
4,181067555,181067555,1,snv_mnv,NA,NA,"broad,dkfz,muse,sanger",4,COSN19314136,NA,MIR,FALSE,0.1795,NA,7,32,NA,NA,NA,IGR,FALSE,FALSE,FALSE,FALSE,2,1,1,1_1,d88296ac-bb0d-47ab-9051-6c358f0af780,NA
4,181731705,181731705,1,snv_mnv,NA,NA,"broad,dkfz,muse,sanger",4,COSN19314083,NA,NA,FALSE,0.54,NA,27,23,NA,NA,NA,IGR,FALSE,FALSE,FALSE,FALSE,2,1,1,1_1,d88296ac-bb0d-47ab-9051-6c358f0af780,NA
4,181827879,181827879,1,snv_mnv,NA,NA,"broad,dkfz,muse,sanger",4,COSN19314106,NA,NA,FALSE,0.6829,NA,28,13,NA,NA,NA,IGR,FALSE,FALSE,FALSE,FALSE,2,1,1,1_1,d88296ac-bb0d-47ab-9051-6c358f0af780,NA
4,181906028,181906028,1,snv_mnv,NA,NA,"broad,dkfz,muse,sanger",4,COSN19314138,NA,NA,FALSE,0.4717,NA,25,28,NA,NA,NA,IGR,FALSE,FALSE,FALSE,FALSE,2,1,1,1_1,d88296ac-bb0d-47ab-9051-6c358f0af780,NA
4,182056345,182056345,1,snv_mnv,NA,NA,"broad,dkfz,muse,sanger",4,COSN19314092,NA,NA,FALSE,0.2564,NA,10,29,NA,NA,NA,lincRNA,FALSE,FALSE,FALSE,FALSE,2,1,1,1_1,d88296ac-bb0d-47ab-9051-6c358f0af780,NA
4,182884571,182884571,1,snv_mnv,NA,NA,"broad,dkfz,muse,sanger",4,COSN19314208,NA,NA,FALSE,0.2759,NA,8,21,NA,NA,NA,RNA,FALSE,FALSE,FALSE,FALSE,2,1,1,1_1,d88296ac-bb0d-47ab-9051-6c358f0af780,NA
4,182913002,182913002,1,snv_mnv,NA,NA,"broad,dkfz,muse,sanger",4,COSN19314176,NA,LFSINE_Vert,FALSE,0.2424,NA,8,25,NA,NA,NA,RNA,FALSE,FALSE,FALSE,FALSE,2,1,1,1_1,d88296ac-bb0d-47ab-9051-6c358f0af780,NA
4,187861608,187861608,1,snv_mnv,NA,NA,"broad,dkfz,muse,sanger",4,COSN19314197,NA,NA,FALSE,0.2,NA,7,28,NA,NA,NA,IGR,FALSE,FALSE,FALSE,FALSE,2,1,1,1_1,d88296ac-bb0d-47ab-9051-6c358f0af780,NA
4,188890439,188890439,1,snv_mnv,NA,NA,"broad,dkfz,muse,sanger",4,COSN19314214,NA,NA,FALSE,0.2963,NA,8,19,NA,NA,NA,IGR,FALSE,FALSE,FALSE,FALSE,2,1,1,1_1,d88296ac-bb0d-47ab-9051-6c358f0af780,AC108073.1
4,189727554,189727554,1,snv_mnv,NA,NA,"broad,dkfz,muse,sanger",4,COSN19314183,NA,NA,FALSE,0.1515,NA,5,28,NA,NA,NA,IGR,FALSE,FALSE,FALSE,FALSE,2,1,1,1_1,d88296ac-bb0d-47ab-9051-6c358f0af780,NA
4,189974830,189974830,1,snv_mnv,NA,NA,"broad,dkfz,muse,sanger",4,COSN19314170,NA,NA,FALSE,0.1395,NA,6,37,NA,NA,NA,IGR,FALSE,FALSE,FALSE,FALSE,2,1,1,1_1,d88296ac-bb0d-47ab-9051-6c358f0af780,NA
5,2550696,2550696,1,snv_mnv,NA,NA,"broad,dkfz,muse,sanger",4,COSN19314360,NA,NA,FALSE,0.2222,NA,8,28,NA,NA,NA,IGR,FALSE,FALSE,FALSE,FALSE,2,1,1,1_1,d88296ac-bb0d-47ab-9051-6c358f0af780,NA
5,3046826,3046826,1,snv_mnv,NA,NA,"broad,dkfz,muse,sanger",4,COSN19314415,NA,NA,FALSE,0.1923,NA,5,21,NA,NA,NA,IGR,FALSE,FALSE,FALSE,FALSE,2,1,1,1_1,d88296ac-bb0d-47ab-9051-6c358f0af780,NA
5,4586526,4586526,1,snv_mnv,NA,NA,"broad,dkfz,muse,sanger",4,COSN19314373,NA,NA,FALSE,0.2059,NA,7,27,NA,NA,NA,lincRNA,FALSE,FALSE,FALSE,FALSE,2,1,1,1_1,d88296ac-bb0d-47ab-9051-6c358f0af780,NA
5,8134992,8134992,1,snv_mnv,NA,NA,"dkfz,muse,sanger",3,COSN19314398,NA,NA,FALSE,0.2,NA,6,24,NA,NA,NA,IGR,FALSE,FALSE,FALSE,FALSE,2,1,1,1_1,d88296ac-bb0d-47ab-9051-6c358f0af780,NA
5,9354564,9354564,1,snv_mnv,NA,NA,"broad,dkfz,muse,sanger",4,COSN19314375,NA,NA,FALSE,0.0645,NA,2,29,NA,NA,NA,Intron,FALSE,FALSE,FALSE,FALSE,2,1,1,1_1,d88296ac-bb0d-47ab-9051-6c358f0af780,NA
5,11603969,11603969,1,snv_mnv,NA,NA,"broad,dkfz,muse,sanger",4,COSN19314364,NA,NA,FALSE,0.4324,NA,16,21,NA,NA,NA,Intron,FALSE,FALSE,FALSE,FALSE,2,1,1,1_1,d88296ac-bb0d-47ab-9051-6c358f0af780,NA
5,15043568,15043568,1,snv_mnv,NA,NA,"broad,dkfz,muse,sanger",4,COSN19314402,NA,Tigger3b,FALSE,0.2963,NA,8,19,NA,NA,NA,IGR,FALSE,FALSE,FALSE,FALSE,2,1,1,1_1,d88296ac-bb0d-47ab-9051-6c358f0af780,NA
5,18140529,18140529,1,snv_mnv,NA,NA,"broad,dkfz,muse,sanger",4,COSN19314461,NA,NA,FALSE,0.549,NA,28,23,NA,NA,NA,IGR,FALSE,FALSE,FALSE,FALSE,2,1,1,1_1,d88296ac-bb0d-47ab-9051-6c358f0af780,NA
5,18588463,18588463,1,snv_mnv,NA,NA,"broad,dkfz,muse,sanger",4,COSN19314362,NA,NA,FALSE,0.1489,NA,7,40,NA,NA,NA,IGR,FALSE,FALSE,FALSE,FALSE,2,1,1,1_1,d88296ac-bb0d-47ab-9051-6c358f0af780,NA
5,19326475,19326475,1,snv_mnv,NA,NA,"broad,dkfz,muse,sanger",4,COSN19314354,NA,NA,FALSE,0.2,NA,7,28,NA,NA,NA,IGR,FALSE,FALSE,FALSE,FALSE,2,1,1,1_1,d88296ac-bb0d-47ab-9051-6c358f0af780,NA
5,19403802,19403802,1,snv_mnv,NA,NA,"broad,dkfz,muse,sanger",4,COSN19314365,NA,MER50,FALSE,0.3438,NA,11,21,NA,NA,NA,IGR,FALSE,FALSE,FALSE,FALSE,2,1,1,1_1,d88296ac-bb0d-47ab-9051-6c358f0af780,NA
5,20181899,20181899,1,snv_mnv,NA,NA,"broad,muse,sanger",3,COSN19314357,NA,MIRb,FALSE,0.1714,NA,6,29,NA,NA,NA,Intron,FALSE,FALSE,FALSE,FALSE,2,1,1,1_1,d88296ac-bb0d-47ab-9051-6c358f0af780,NA
5,23313199,23313199,1,snv_mnv,NA,NA,"broad,dkfz,muse,sanger",4,COSN19314436,NA,L1MC3,FALSE,0.5854,NA,24,17,NA,NA,NA,IGR,FALSE,FALSE,FALSE,FALSE,2,1,1,1_1,d88296ac-bb0d-47ab-9051-6c358f0af780,NA
5,24120279,24120279,1,snv_mnv,NA,NA,"broad,dkfz,muse,sanger",4,COSN19314409,NA,L1ME1,FALSE,0.1944,NA,7,29,NA,NA,NA,IGR,FALSE,FALSE,FALSE,FALSE,2,1,1,1_1,d88296ac-bb0d-47ab-9051-6c358f0af780,NA
5,24795488,24795488,1,snv_mnv,NA,NA,"broad,dkfz,muse,sanger",4,COSN19314425,NA,L2a,FALSE,0.3902,NA,16,25,NA,NA,NA,IGR,FALSE,FALSE,FALSE,FALSE,2,1,1,1_1,d88296ac-bb0d-47ab-9051-6c358f0af780,NA
5,24811399,24811399,1,snv_mnv,NA,NA,"broad,dkfz,muse,sanger",4,COSN19314416,NA,MIR,FALSE,0.2407,NA,13,41,NA,NA,NA,RNA,FALSE,FALSE,FALSE,FALSE,2,1,1,1_1,d88296ac-bb0d-47ab-9051-6c358f0af780,RF00070
5,24960281,24960281,1,snv_mnv,NA,NA,"broad,dkfz,muse,sanger",4,COSN19314421,NA,L3,FALSE,0.25,NA,9,27,NA,NA,NA,IGR,FALSE,FALSE,FALSE,FALSE,2,1,1,1_1,d88296ac-bb0d-47ab-9051-6c358f0af780,NA
5,24978270,24978270,1,snv_mnv,NA,NA,"broad,muse,sanger",3,COSN19314376,NA,L1PA5,FALSE,0.1786,NA,5,23,NA,NA,NA,IGR,FALSE,FALSE,TRUE,FALSE,2,1,1,1_1,d88296ac-bb0d-47ab-9051-6c358f0af780,NA
5,24994270,24994270,1,snv_mnv,NA,NA,"broad,dkfz,muse,sanger",4,COSN19314432,NA,L1PA15,FALSE,0.25,NA,8,24,NA,NA,NA,IGR,FALSE,FALSE,FALSE,FALSE,2,1,1,1_1,d88296ac-bb0d-47ab-9051-6c358f0af780,NA
5,26406120,26406120,1,snv_mnv,NA,NA,"broad,dkfz,muse,sanger",4,COSN19314353,NA,NA,FALSE,0.4242,NA,14,19,NA,NA,NA,IGR,FALSE,FALSE,TRUE,FALSE,2,1,1,1_1,d88296ac-bb0d-47ab-9051-6c358f0af780,NA
5,26978072,26978072,1,snv_mnv,NA,NA,"broad,dkfz,muse",3,COSN19314349,NA,NA,FALSE,0.1316,NA,5,33,NA,NA,NA,Intron,FALSE,FALSE,FALSE,FALSE,2,1,1,1_1,d88296ac-bb0d-47ab-9051-6c358f0af780,NA
5,27364357,27364357,1,snv_mnv,NA,NA,"broad,muse,sanger",3,COSN19314382,NA,THE1B-int,FALSE,0.1562,NA,5,27,NA,NA,NA,IGR,FALSE,FALSE,FALSE,FALSE,2,1,1,1_1,d88296ac-bb0d-47ab-9051-6c358f0af780,NA
5,28048731,28048731,1,snv_mnv,NA,NA,"broad,muse,sanger",3,COSN19314363,NA,HERVH-int,FALSE,0.1765,NA,6,28,NA,NA,NA,IGR,FALSE,FALSE,TRUE,FALSE,2,1,1,1_1,d88296ac-bb0d-47ab-9051-6c358f0af780,NA
5,28211422,28211422,1,snv_mnv,1.9968e-4,rs575295730,"broad,dkfz,muse,sanger",4,COSN19137447,rs575295730,MER5A,FALSE,0.3226,NA,10,21,NA,NA,NA,IGR,FALSE,FALSE,FALSE,FALSE,2,1,1,1_1,d88296ac-bb0d-47ab-9051-6c358f0af780,NA
5,29001365,29001365,1,snv_mnv,NA,NA,"broad,dkfz,muse,sanger",4,COSN19314400,NA,NA,FALSE,0.1316,NA,5,33,NA,NA,NA,IGR,FALSE,FALSE,TRUE,FALSE,2,1,1,1_1,d88296ac-bb0d-47ab-9051-6c358f0af780,SUCLG2P4
5,29016335,29016335,1,snv_mnv,NA,NA,"broad,dkfz,sanger",3,COSN19314369,NA,LTR41,FALSE,0.3077,NA,8,18,NA,NA,NA,IGR,FALSE,FALSE,TRUE,FALSE,2,1,1,1_1,d88296ac-bb0d-47ab-9051-6c358f0af780,NA
5,29081801,29081801,1,snv_mnv,NA,NA,"broad,muse",2,COSN19314395,NA,AluJb,FALSE,0.5,NA,12,12,NA,NA,NA,IGR,FALSE,FALSE,TRUE,FALSE,2,1,1,1_1,d88296ac-bb0d-47ab-9051-6c358f0af780,NA
5,29199023,29199023,1,snv_mnv,NA,NA,"broad,dkfz,muse,sanger",4,COSN19314449,NA,NA,FALSE,0.4634,NA,19,22,NA,NA,NA,IGR,FALSE,FALSE,FALSE,FALSE,2,1,1,1_1,d88296ac-bb0d-47ab-9051-6c358f0af780,NA
5,44156438,44156438,1,snv_mnv,NA,NA,"broad,dkfz,muse,sanger",4,COSN19314403,NA,MER61-int,FALSE,0.2188,NA,7,25,NA,NA,NA,IGR,FALSE,FALSE,FALSE,FALSE,2,1,1,1_1,d88296ac-bb0d-47ab-9051-6c358f0af780,NA
5,44501588,44501588,1,snv_mnv,NA,NA,"broad,dkfz,muse,sanger",4,COSN19314348,NA,NA,FALSE,0.4146,NA,17,24,NA,NA,NA,lincRNA,FALSE,FALSE,FALSE,FALSE,2,1,1,1_1,d88296ac-bb0d-47ab-9051-6c358f0af780,NA
5,51478797,51478797,1,snv_mnv,NA,NA,"broad,dkfz,muse,sanger",4,COSN19314445,NA,L1PA7,FALSE,0.2105,NA,8,30,NA,NA,NA,IGR,FALSE,FALSE,FALSE,FALSE,2,1,1,1_1,d88296ac-bb0d-47ab-9051-6c358f0af780,NA
5,53241114,53241114,1,snv_mnv,NA,NA,"broad,dkfz,muse,sanger",4,COSN19314459,NA,NA,FALSE,0.1579,NA,6,32,NA,NA,NA,Intron,FALSE,FALSE,FALSE,FALSE,2,1,1,1_1,d88296ac-bb0d-47ab-9051-6c358f0af780,NA
5,54495457,54495457,1,snv_mnv,NA,NA,"broad,dkfz,muse,sanger",4,COSN19314453,NA,L1MEf,FALSE,0.2162,NA,8,29,NA,NA,NA,IGR,FALSE,FALSE,FALSE,FALSE,2,1,1,1_1,d88296ac-bb0d-47ab-9051-6c358f0af780,NA
5,54531563,54531563,1,snv_mnv,NA,NA,"broad,muse,sanger",3,COSN19314433,NA,AluSp,FALSE,0.2381,NA,5,16,NA,NA,NA,5'Flank,FALSE,FALSE,FALSE,FALSE,2,1,1,1_1,d88296ac-bb0d-47ab-9051-6c358f0af780,CCNO
5,54777134,54777134,1,snv_mnv,NA,NA,"broad,dkfz,muse,sanger",4,COSN19314379,NA,NA,FALSE,0.4444,NA,16,20,NA,NA,NA,Intron,FALSE,FALSE,FALSE,FALSE,2,1,1,1_1,d88296ac-bb0d-47ab-9051-6c358f0af780,AC010480.1
5,56967279,56967279,1,snv_mnv,NA,NA,"broad,dkfz,muse,sanger",4,COSN19314367,NA,NA,FALSE,0.1622,NA,6,31,NA,NA,NA,IGR,FALSE,FALSE,FALSE,FALSE,2,1,1,1_1,d88296ac-bb0d-47ab-9051-6c358f0af780,NA
5,57426531,57426531,1,snv_mnv,1.9968e-4,rs142625259,"broad,dkfz,muse,sanger",4,COSN19314390,rs142625259,NA,FALSE,0.2424,NA,8,25,NA,NA,NA,IGR,FALSE,FALSE,FALSE,FALSE,2,1,1,1_1,d88296ac-bb0d-47ab-9051-6c358f0af780,NA
5,57451619,57451619,1,snv_mnv,NA,NA,"broad,dkfz,muse,sanger",4,COSN19314356,NA,NA,FALSE,0.4231,NA,11,15,NA,NA,NA,IGR,FALSE,FALSE,FALSE,FALSE,2,1,1,1_1,d88296ac-bb0d-47ab-9051-6c358f0af780,NA
5,57750977,57750977,1,snv_mnv,NA,NA,"broad,dkfz,muse,sanger",4,COSN19314466,NA,MER5A,FALSE,0.1905,NA,8,34,NA,NA,NA,Intron,FALSE,FALSE,FALSE,FALSE,2,1,1,1_1,d88296ac-bb0d-47ab-9051-6c358f0af780,PLK2
5,58470009,58470009,1,snv_mnv,NA,NA,"broad,dkfz,muse,sanger",4,COSN19314405,NA,NA,FALSE,0.2222,NA,6,21,NA,NA,NA,Intron,FALSE,FALSE,TRUE,FALSE,2,1,1,1_1,d88296ac-bb0d-47ab-9051-6c358f0af780,PDE4D
5,60808430,60808430,1,snv_mnv,NA,NA,"broad,dkfz,muse,sanger",4,COSN19314381,NA,L1ME1,FALSE,0.4,NA,10,15,NA,NA,NA,Intron,FALSE,FALSE,FALSE,FALSE,2,1,1,1_1,d88296ac-bb0d-47ab-9051-6c358f0af780,NA
5,61466408,61466408,1,snv_mnv,NA,NA,"broad,dkfz,muse,sanger",4,COSN19314378,NA,NA,FALSE,0.1515,NA,5,28,NA,NA,NA,IGR,FALSE,FALSE,FALSE,FALSE,2,1,1,1_1,d88296ac-bb0d-47ab-9051-6c358f0af780,NA
5,63528356,63528356,1,snv_mnv,NA,NA,"broad,dkfz,muse,sanger",4,COSN19314397,NA,NA,FALSE,0.2647,NA,9,25,NA,NA,NA,Intron,FALSE,FALSE,FALSE,FALSE,2,1,1,1_1,d88296ac-bb0d-47ab-9051-6c358f0af780,NA
5,63930711,63930711,1,snv_mnv,NA,NA,"broad,dkfz,muse,sanger",4,COSN19314441,NA,NA,FALSE,0.2917,NA,7,17,NA,NA,NA,IGR,FALSE,FALSE,FALSE,FALSE,2,1,1,1_1,d88296ac-bb0d-47ab-9051-6c358f0af780,NA
5,71900158,71900158,1,snv_mnv,NA,NA,"broad,dkfz,muse,sanger",4,COSN19314418,NA,NA,FALSE,0.4348,NA,10,13,NA,NA,NA,lincRNA,FALSE,FALSE,FALSE,FALSE,2,1,1,1_1,d88296ac-bb0d-47ab-9051-6c358f0af780,NA
5,74536524,74536524,1,snv_mnv,NA,NA,"broad,dkfz,muse,sanger",4,COSN19312603,NA,NA,FALSE,0.5625,NA,18,14,NA,NA,NA,IGR,FALSE,FALSE,FALSE,FALSE,2,1,1,1_1,d88296ac-bb0d-47ab-9051-6c358f0af780,ANKRD31
5,79289920,79289920,1,snv_mnv,NA,NA,"broad,dkfz,muse,sanger",4,COSN19314422,NA,NA,FALSE,0.1636,NA,9,46,NA,NA,NA,5'Flank,FALSE,FALSE,FALSE,FALSE,2,1,1,1_1,d88296ac-bb0d-47ab-9051-6c358f0af780,MTX3
5,81080772,81080772,1,snv_mnv,NA,NA,"broad,dkfz,muse,sanger",4,COSN19314352,NA,NA,FALSE,0.2143,NA,9,33,NA,NA,NA,IGR,FALSE,FALSE,FALSE,FALSE,2,1,1,1_1,d88296ac-bb0d-47ab-9051-6c358f0af780,NA
5,83629634,83629634,1,snv_mnv,NA,NA,"broad,dkfz,muse,sanger",4,COSN19314437,NA,NA,FALSE,0.5882,NA,20,14,NA,NA,NA,Intron,FALSE,FALSE,FALSE,FALSE,2,1,1,1_1,d88296ac-bb0d-47ab-9051-6c358f0af780,NA
5,83957696,83957696,1,snv_mnv,NA,NA,"broad,muse,sanger",3,COSN19314393,NA,MLT1K,FALSE,0.1333,NA,4,26,NA,NA,NA,IGR,FALSE,FALSE,FALSE,FALSE,2,1,1,1_1,d88296ac-bb0d-47ab-9051-6c358f0af780,NA
5,84990933,84990933,1,snv_mnv,NA,NA,"broad,dkfz,muse,sanger",4,COSN19314417,NA,L1PREC2,FALSE,0.5366,NA,22,19,NA,NA,NA,IGR,FALSE,FALSE,FALSE,FALSE,2,1,1,1_1,d88296ac-bb0d-47ab-9051-6c358f0af780,NA
5,85440301,85440301,1,snv_mnv,NA,NA,"broad,dkfz,muse,sanger",4,COSN19314392,NA,NA,FALSE,0.3889,NA,21,33,NA,NA,NA,IGR,FALSE,FALSE,FALSE,FALSE,2,1,1,1_1,d88296ac-bb0d-47ab-9051-6c358f0af780,NA
5,86826558,86826558,1,snv_mnv,NA,NA,"broad,dkfz,muse,sanger",4,COSN19314452,NA,NA,FALSE,0.5588,NA,19,15,NA,NA,NA,IGR,FALSE,FALSE,FALSE,FALSE,2,1,1,1_1,d88296ac-bb0d-47ab-9051-6c358f0af780,NA
5,90998858,90998858,1,snv_mnv,NA,NA,"broad,dkfz,muse,sanger",4,COSN19314428,NA,NA,FALSE,0.3043,NA,7,16,NA,NA,NA,IGR,FALSE,FALSE,FALSE,FALSE,2,1,1,1_1,d88296ac-bb0d-47ab-9051-6c358f0af780,NA
5,91887246,91887246,1,snv_mnv,NA,NA,"broad,dkfz,muse,sanger",4,COSN19314442,NA,NA,FALSE,0.3478,NA,8,15,NA,NA,NA,lincRNA,FALSE,FALSE,FALSE,FALSE,2,1,1,1_1,d88296ac-bb0d-47ab-9051-6c358f0af780,AC124854.1
5,96027650,96027650,1,snv_mnv,NA,NA,"broad,dkfz,muse,sanger",4,COSN19314412,NA,NA,FALSE,0.5,NA,15,15,NA,NA,NA,Intron,FALSE,FALSE,FALSE,FALSE,2,1,1,1_1,d88296ac-bb0d-47ab-9051-6c358f0af780,CAST
5,98084109,98084109,1,snv_mnv,NA,NA,"broad,dkfz,muse,sanger",4,COSN19314434,NA,L1PA10,FALSE,0.4318,NA,19,25,NA,NA,NA,IGR,FALSE,FALSE,FALSE,FALSE,2,1,1,1_1,d88296ac-bb0d-47ab-9051-6c358f0af780,NA
5,98533602,98533602,1,snv_mnv,NA,NA,"broad,dkfz,muse,sanger",4,COSN19314411,NA,SATR1,FALSE,0.1429,NA,6,36,NA,NA,NA,IGR,FALSE,FALSE,FALSE,FALSE,2,1,1,1_1,d88296ac-bb0d-47ab-9051-6c358f0af780,NA
5,100354511,100354511,1,snv_mnv,NA,NA,"broad,dkfz,muse,sanger",4,COSN19314451,NA,NA,FALSE,0.1538,NA,6,33,NA,NA,NA,IGR,FALSE,FALSE,FALSE,FALSE,2,1,1,1_1,d88296ac-bb0d-47ab-9051-6c358f0af780,NA
5,101414502,101414502,1,snv_mnv,NA,NA,"broad,dkfz,muse",3,COSN19314371,NA,AluSg,FALSE,0.1667,NA,6,30,NA,NA,NA,IGR,FALSE,FALSE,FALSE,FALSE,2,1,1,1_1,d88296ac-bb0d-47ab-9051-6c358f0af780,NA
5,104005791,104005791,1,snv_mnv,NA,NA,"broad,dkfz,muse,sanger",4,COSN19314423,NA,NA,FALSE,0.2326,NA,10,33,NA,NA,NA,lincRNA,FALSE,FALSE,FALSE,FALSE,2,1,1,1_1,d88296ac-bb0d-47ab-9051-6c358f0af780,NA
5,104234725,104234725,1,snv_mnv,NA,NA,"broad,dkfz,muse,sanger",4,COSN19314361,NA,NA,FALSE,0.6,NA,12,8,NA,NA,NA,lincRNA,FALSE,FALSE,FALSE,FALSE,2,1,1,1_1,d88296ac-bb0d-47ab-9051-6c358f0af780,NA
5,104331664,104331664,1,snv_mnv,NA,NA,"broad,dkfz,muse,sanger",4,COSN19314347,NA,NA,FALSE,0.2812,NA,9,23,NA,NA,NA,lincRNA,FALSE,FALSE,FALSE,FALSE,2,1,1,1_1,d88296ac-bb0d-47ab-9051-6c358f0af780,NA
5,104821892,104821892,1,snv_mnv,NA,NA,"broad,dkfz,muse,sanger",4,COSN19314380,NA,NA,FALSE,0.4103,NA,16,23,NA,NA,NA,IGR,FALSE,FALSE,FALSE,FALSE,2,1,1,1_1,d88296ac-bb0d-47ab-9051-6c358f0af780,NA
5,105701997,105701997,1,snv_mnv,NA,NA,"broad,dkfz,muse,sanger",4,COSN19314460,NA,NA,FALSE,0.5952,NA,25,17,NA,NA,NA,IGR,FALSE,FALSE,FALSE,FALSE,2,1,1,1_1,d88296ac-bb0d-47ab-9051-6c358f0af780,NA
5,106045339,106045339,1,snv_mnv,NA,NA,"broad,dkfz,muse,sanger",4,COSN19314350,NA,NA,FALSE,0.5227,NA,23,21,NA,NA,NA,IGR,FALSE,FALSE,FALSE,FALSE,2,1,1,1_1,d88296ac-bb0d-47ab-9051-6c358f0af780,NA
5,106170208,106170208,1,snv_mnv,NA,NA,"broad,dkfz,muse,sanger",4,COSN19314359,NA,L1MEg,FALSE,0.5588,NA,19,15,NA,NA,NA,lincRNA,FALSE,FALSE,FALSE,FALSE,2,1,1,1_1,d88296ac-bb0d-47ab-9051-6c358f0af780,NA
5,106949571,106949571,1,snv_mnv,NA,NA,"broad,dkfz,muse,sanger",4,COSN19314431,NA,NA,FALSE,0.4634,NA,19,22,NA,NA,NA,Intron,FALSE,FALSE,FALSE,FALSE,2,1,1,1_1,d88296ac-bb0d-47ab-9051-6c358f0af780,NA
5,111372332,111372332,1,snv_mnv,NA,NA,"broad,dkfz,muse,sanger",4,COSN19314396,NA,L1PA15,FALSE,0.1818,NA,6,27,NA,NA,NA,IGR,FALSE,FALSE,TRUE,FALSE,2,1,1,1_1,d88296ac-bb0d-47ab-9051-6c358f0af780,NA
5,113865664,113865664,1,snv_mnv,NA,NA,"broad,dkfz,muse,sanger",4,COSN19314358,NA,L1ME2,FALSE,0.5128,NA,20,19,NA,NA,NA,RNA,FALSE,FALSE,FALSE,FALSE,2,1,1,1_1,d88296ac-bb0d-47ab-9051-6c358f0af780,NA
5,114195754,114195754,1,snv_mnv,NA,NA,"broad,dkfz,muse,sanger",4,COSN19314454,NA,NA,FALSE,0.2692,NA,7,19,NA,NA,NA,IGR,FALSE,FALSE,FALSE,FALSE,2,1,1,1_1,d88296ac-bb0d-47ab-9051-6c358f0af780,NA
5,116576550,116576550,1,snv_mnv,NA,NA,"broad,dkfz,muse,sanger",4,COSN19314420,NA,MSTA-int,FALSE,0.2424,NA,8,25,NA,NA,NA,IGR,FALSE,FALSE,FALSE,FALSE,2,1,1,1_1,d88296ac-bb0d-47ab-9051-6c358f0af780,NA
5,117824909,117824909,1,snv_mnv,NA,NA,"broad,muse,sanger",3,COSN19314455,NA,MLT1C,FALSE,0.1389,NA,5,31,NA,NA,NA,lincRNA,FALSE,FALSE,FALSE,FALSE,2,1,1,1_1,d88296ac-bb0d-47ab-9051-6c358f0af780,NA
5,117891478,117891478,1,snv_mnv,NA,NA,"broad,dkfz,muse,sanger",4,COSN19314440,NA,NA,FALSE,0.2121,NA,7,26,NA,NA,NA,lincRNA,FALSE,FALSE,FALSE,FALSE,2,1,1,1_1,d88296ac-bb0d-47ab-9051-6c358f0af780,NA
5,118797779,118797779,1,snv_mnv,NA,NA,"broad,dkfz,muse,sanger",4,COSN19314424,NA,NA,FALSE,0.4103,NA,16,23,NA,NA,NA,Intron,FALSE,FALSE,FALSE,FALSE,2,1,1,1_1,d88296ac-bb0d-47ab-9051-6c358f0af780,NA
5,120294267,120294267,1,snv_mnv,NA,NA,"broad,sanger",2,COSN19314388,NA,AluJo,FALSE,0.1923,NA,5,21,NA,NA,NA,IGR,FALSE,FALSE,FALSE,FALSE,2,1,1,1_1,d88296ac-bb0d-47ab-9051-6c358f0af780,NA
5,121201713,121201713,1,snv_mnv,NA,NA,"broad,dkfz,muse,sanger",4,COSN19314387,NA,L2a,FALSE,0.5135,NA,19,18,NA,NA,NA,IGR,FALSE,FALSE,FALSE,FALSE,2,1,1,1_1,d88296ac-bb0d-47ab-9051-6c358f0af780,NA
5,124120636,124120636,1,snv_mnv,NA,NA,"broad,dkfz,muse,sanger",4,COSN19314408,NA,NA,FALSE,0.1389,NA,5,31,NA,NA,NA,IGR,FALSE,FALSE,FALSE,FALSE,2,1,1,1_1,d88296ac-bb0d-47ab-9051-6c358f0af780,NA
5,125406920,125406920,1,snv_mnv,NA,NA,"broad,muse,sanger",3,COSN19314383,NA,L1PA7,FALSE,0.119,NA,5,37,NA,NA,NA,IGR,FALSE,FALSE,FALSE,FALSE,2,1,1,1_1,d88296ac-bb0d-47ab-9051-6c358f0af780,NA
5,129317716,129317716,1,snv_mnv,NA,NA,"broad,dkfz,muse,sanger",4,COSN19314427,NA,L1MC1,FALSE,0.2903,NA,9,22,NA,NA,NA,Intron,FALSE,FALSE,FALSE,FALSE,2,1,1,1_1,d88296ac-bb0d-47ab-9051-6c358f0af780,NA
5,136548781,136548781,1,snv_mnv,NA,NA,"dkfz,muse,sanger",3,COSN19314413,NA,NA,FALSE,0.1786,NA,5,23,NA,NA,NA,Intron,FALSE,FALSE,FALSE,FALSE,2,1,1,1_1,d88296ac-bb0d-47ab-9051-6c358f0af780,NA
5,138403876,138403876,1,snv_mnv,NA,NA,"broad,dkfz,muse,sanger",4,COSN19314430,NA,NA,FALSE,0.2581,NA,8,23,NA,NA,NA,Intron,FALSE,FALSE,FALSE,FALSE,2,1,1,1_1,d88296ac-bb0d-47ab-9051-6c358f0af780,NA
5,147255025,147255025,1,snv_mnv,NA,NA,"broad,muse,sanger",3,COSN19314444,NA,L2a,FALSE,0.24,NA,6,19,NA,NA,NA,Intron,FALSE,FALSE,FALSE,FALSE,2,1,1,1_1,d88296ac-bb0d-47ab-9051-6c358f0af780,SCGB3A2
5,149573243,149573243,1,snv_mnv,NA,NA,"broad,dkfz,muse,sanger",4,COSN19314446,NA,L3,FALSE,0.6875,NA,11,5,NA,NA,NA,Intron,FALSE,FALSE,FALSE,FALSE,2,1,1,1_1,d88296ac-bb0d-47ab-9051-6c358f0af780,NA
5,152311848,152311848,1,snv_mnv,NA,NA,"broad,dkfz,muse,sanger",4,COSN19314456,NA,NA,FALSE,0.1515,NA,5,28,NA,NA,NA,IGR,FALSE,FALSE,FALSE,FALSE,2,1,1,1_1,d88296ac-bb0d-47ab-9051-6c358f0af780,NA
5,152480329,152480329,1,snv_mnv,NA,NA,"broad,dkfz,muse,sanger",4,COSN19314368,rs77423906,NA,FALSE,0.2105,NA,8,30,NA,NA,NA,IGR,FALSE,FALSE,FALSE,FALSE,2,1,1,1_1,d88296ac-bb0d-47ab-9051-6c358f0af780,NA
5,153333407,153333407,1,snv_mnv,NA,NA,"broad,muse,sanger",3,COSN19314406,NA,MIR3,FALSE,0.15,NA,6,34,NA,NA,NA,IGR,FALSE,FALSE,FALSE,FALSE,2,1,1,1_1,d88296ac-bb0d-47ab-9051-6c358f0af780,NA
5,155267063,155267063,1,snv_mnv,NA,NA,"broad,dkfz,muse,sanger",4,COSN19314458,NA,NA,FALSE,0.4286,NA,15,20,NA,NA,NA,IGR,FALSE,FALSE,FALSE,FALSE,2,1,1,1_1,d88296ac-bb0d-47ab-9051-6c358f0af780,NA
5,155379215,155379215,1,snv_mnv,NA,NA,"broad,dkfz,muse,sanger",4,COSN19314394,NA,NA,FALSE,0.2432,NA,9,28,NA,NA,NA,Intron,FALSE,FALSE,FALSE,FALSE,2,1,1,1_1,d88296ac-bb0d-47ab-9051-6c358f0af780,NA
5,157635281,157635281,1,snv_mnv,NA,NA,"broad,dkfz,muse,sanger",4,COSN19314435,NA,Charlie4z,FALSE,0.5333,NA,16,14,NA,NA,NA,IGR,FALSE,FALSE,FALSE,FALSE,2,1,1,1_1,d88296ac-bb0d-47ab-9051-6c358f0af780,NA
5,161204888,161204888,1,snv_mnv,NA,NA,"broad,dkfz,muse,sanger",4,COSN19314355,NA,AluJo,FALSE,0.25,NA,8,24,NA,NA,NA,IGR,FALSE,FALSE,TRUE,FALSE,2,1,1,1_1,d88296ac-bb0d-47ab-9051-6c358f0af780,NA
5,161767404,161767404,1,snv_mnv,NA,NA,"broad,dkfz,muse,sanger",4,COSN19314443,NA,L1MC3,FALSE,0.25,NA,7,21,NA,NA,NA,IGR,FALSE,FALSE,TRUE,FALSE,2,1,1,1_1,d88296ac-bb0d-47ab-9051-6c358f0af780,NA
5,162310583,162310583,1,snv_mnv,NA,NA,"broad,muse,sanger",3,COSN19314377,NA,LTR12C,FALSE,0.4074,NA,11,16,NA,NA,NA,IGR,FALSE,FALSE,FALSE,FALSE,2,1,1,1_1,d88296ac-bb0d-47ab-9051-6c358f0af780,NA
5,163031160,163031160,1,snv_mnv,NA,NA,"broad,dkfz,muse,sanger",4,COSN19314457,NA,NA,FALSE,0.6061,NA,20,13,NA,NA,NA,IGR,FALSE,FALSE,FALSE,FALSE,2,1,1,1_1,d88296ac-bb0d-47ab-9051-6c358f0af780,NA
5,165182848,165182848,1,snv_mnv,NA,NA,"broad,dkfz,muse,sanger",4,COSN19314366,NA,NA,FALSE,0.3111,NA,14,31,NA,NA,NA,lincRNA,FALSE,FALSE,FALSE,FALSE,2,1,1,1_1,d88296ac-bb0d-47ab-9051-6c358f0af780,NA
5,166362003,166362003,1,snv_mnv,NA,NA,"broad,dkfz,muse,sanger",4,COSN19314414,NA,MLT1L,FALSE,0.3333,NA,12,24,NA,NA,NA,IGR,FALSE,FALSE,FALSE,FALSE,2,1,1,1_1,d88296ac-bb0d-47ab-9051-6c358f0af780,NA
5,166746540,166746540,1,snv_mnv,NA,NA,"broad,dkfz,muse,sanger",4,COSN19314374,NA,MIR3,FALSE,0.25,NA,9,27,NA,NA,NA,Intron,FALSE,FALSE,FALSE,FALSE,2,1,1,1_1,d88296ac-bb0d-47ab-9051-6c358f0af780,NA
5,170339165,170339165,1,snv_mnv,NA,NA,"broad,dkfz,muse,sanger",4,COSN19314404,NA,HAL1,FALSE,0.186,NA,8,35,NA,NA,NA,Intron,FALSE,FALSE,FALSE,FALSE,2,1,1,1_1,d88296ac-bb0d-47ab-9051-6c358f0af780,RANBP17
5,174484114,174484114,1,snv_mnv,NA,NA,"broad,dkfz,muse,sanger",4,COSN19314450,NA,NA,FALSE,0.4138,NA,12,17,NA,NA,NA,IGR,FALSE,FALSE,FALSE,FALSE,2,1,1,1_1,d88296ac-bb0d-47ab-9051-6c358f0af780,NA
5,178779737,178779737,1,snv_mnv,NA,NA,"broad,muse,sanger",3,COSN19314448,NA,L2b,FALSE,0.1667,NA,5,25,NA,NA,NA,IGR,FALSE,FALSE,FALSE,FALSE,2,1,1,1_1,d88296ac-bb0d-47ab-9051-6c358f0af780,NA
5,180423525,180423525,1,snv_mnv,NA,NA,"broad,dkfz,muse,sanger",4,COSN19314401,NA,NA,FALSE,0.3,NA,6,14,NA,NA,NA,Intron,FALSE,FALSE,FALSE,FALSE,2,1,1,1_1,d88296ac-bb0d-47ab-9051-6c358f0af780,NA
6,312760,312760,1,snv_mnv,NA,NA,"broad,dkfz,muse,sanger",4,COSN19313434,NA,NA,FALSE,0.2917,NA,21,51,NA,NA,NA,Intron,FALSE,FALSE,TRUE,FALSE,2,1,1,1_1,d88296ac-bb0d-47ab-9051-6c358f0af780,NA
6,3764655,3764655,1,snv_mnv,NA,NA,"broad,dkfz,muse,sanger",4,COSN19313355,NA,NA,FALSE,0.3438,NA,11,21,NA,NA,NA,IGR,FALSE,FALSE,FALSE,FALSE,2,1,1,1_1,d88296ac-bb0d-47ab-9051-6c358f0af780,NA
6,7027635,7027635,1,snv_mnv,NA,NA,"broad,dkfz,muse,sanger",4,COSN19313354,NA,L1PA6,FALSE,0.1667,NA,5,25,NA,NA,NA,IGR,FALSE,FALSE,FALSE,FALSE,2,1,1,1_1,d88296ac-bb0d-47ab-9051-6c358f0af780,NA
6,9075902,9075902,1,snv_mnv,NA,NA,"broad,dkfz,muse,sanger",4,COSN19313431,NA,L1MDa,FALSE,0.1795,NA,7,32,NA,NA,NA,IGR,FALSE,FALSE,TRUE,FALSE,2,1,1,1_1,d88296ac-bb0d-47ab-9051-6c358f0af780,NA
6,9883678,9883678,1,snv_mnv,1.9968e-4,rs533155670,"broad,dkfz,muse,sanger",4,COSN19313337,rs533155670,L1PA5,FALSE,0.3636,NA,8,14,NA,NA,NA,IGR,FALSE,FALSE,FALSE,FALSE,2,1,1,1_1,d88296ac-bb0d-47ab-9051-6c358f0af780,NA
6,16109707,16109707,1,snv_mnv,NA,NA,"broad,muse,sanger",3,COSN19313417,NA,MER68,FALSE,0.1463,NA,6,35,NA,NA,NA,IGR,FALSE,FALSE,FALSE,FALSE,2,1,1,1_1,d88296ac-bb0d-47ab-9051-6c358f0af780,AL021407.2
6,17300399,17300399,1,snv_mnv,NA,NA,"broad,dkfz,muse,sanger",4,COSN19313373,NA,MIRb,FALSE,0.3953,NA,17,26,NA,NA,NA,IGR,FALSE,FALSE,FALSE,FALSE,2,1,1,1_1,d88296ac-bb0d-47ab-9051-6c358f0af780,NA
6,21310931,21310931,1,snv_mnv,NA,NA,"broad,dkfz,muse,sanger",4,COSN19313340,NA,NA,FALSE,0.4667,NA,14,16,NA,NA,NA,IGR,FALSE,FALSE,FALSE,FALSE,2,1,1,1_1,d88296ac-bb0d-47ab-9051-6c358f0af780,NA
6,26288584,26288584,1,snv_mnv,NA,NA,"broad,dkfz,muse,sanger",4,COSN19313384,NA,LTR3,FALSE,0.275,NA,11,29,NA,NA,NA,5'Flank,FALSE,FALSE,FALSE,FALSE,2,1,1,1_1,d88296ac-bb0d-47ab-9051-6c358f0af780,HIST1H4H
6,35723249,35723249,1,snv_mnv,NA,NA,"broad,dkfz,muse,sanger",4,COSN19313350,NA,MLT1F1,FALSE,0.1875,NA,6,26,NA,NA,NA,IGR,FALSE,FALSE,FALSE,FALSE,2,1,1,1_1,d88296ac-bb0d-47ab-9051-6c358f0af780,NA
6,37069596,37069596,1,snv_mnv,NA,NA,"broad,muse,sanger",3,COSN19313356,NA,AluY,FALSE,0.5,NA,10,10,NA,NA,NA,IGR,FALSE,FALSE,FALSE,FALSE,2,1,1,1_1,d88296ac-bb0d-47ab-9051-6c358f0af780,NA
6,37312249,37312249,1,snv_mnv,NA,NA,"broad,dkfz,muse,sanger",4,COSN19313341,NA,T-rich,FALSE,0.4545,NA,10,12,NA,NA,NA,IGR,FALSE,FALSE,FALSE,FALSE,2,1,1,1_1,d88296ac-bb0d-47ab-9051-6c358f0af780,NA
6,39747809,39747809,1,snv_mnv,NA,NA,"broad,dkfz,muse,sanger",4,COSN19313330,NA,MIR,FALSE,0.6452,NA,20,11,NA,NA,NA,IGR,FALSE,FALSE,TRUE,FALSE,2,1,1,1_1,d88296ac-bb0d-47ab-9051-6c358f0af780,NA
6,44663693,44663693,1,snv_mnv,NA,NA,"broad,muse",2,COSN19313347,NA,NA,FALSE,0.1333,NA,6,39,NA,NA,NA,IGR,FALSE,FALSE,FALSE,FALSE,2,1,1,1_1,d88296ac-bb0d-47ab-9051-6c358f0af780,NA
6,48203388,48203388,1,snv_mnv,NA,NA,"broad,dkfz,muse,sanger",4,COSN19313380,NA,L1PA12,FALSE,0.4595,NA,17,20,NA,NA,NA,IGR,FALSE,FALSE,FALSE,FALSE,2,1,1,1_1,d88296ac-bb0d-47ab-9051-6c358f0af780,NA
6,48657804,48657804,1,snv_mnv,NA,NA,"broad,dkfz,muse,sanger",4,COSN19313378,NA,L1PREC2,FALSE,0.4242,NA,14,19,NA,NA,NA,IGR,FALSE,FALSE,FALSE,FALSE,2,1,1,1_1,d88296ac-bb0d-47ab-9051-6c358f0af780,NA
6,50063997,50063997,1,snv_mnv,NA,NA,"broad,dkfz,muse,sanger",4,COSN19313338,NA,NA,FALSE,0.5,NA,18,18,NA,NA,NA,lincRNA,FALSE,FALSE,FALSE,FALSE,2,1,1,1_1,d88296ac-bb0d-47ab-9051-6c358f0af780,NA
6,50139845,50139845,1,snv_mnv,NA,NA,"broad,dkfz,muse",3,COSN19313358,NA,L1ME2,FALSE,0.4667,NA,14,16,NA,NA,NA,IGR,FALSE,FALSE,FALSE,FALSE,2,1,1,1_1,d88296ac-bb0d-47ab-9051-6c358f0af780,NA
6,50210486,50210486,1,snv_mnv,NA,NA,"broad,dkfz,muse,sanger",4,COSN19313374,NA,NA,FALSE,0.4062,NA,13,19,NA,NA,NA,IGR,FALSE,FALSE,FALSE,FALSE,2,1,1,1_1,d88296ac-bb0d-47ab-9051-6c358f0af780,NA
6,50366560,50366560,1,snv_mnv,NA,NA,"broad,dkfz,muse,sanger",4,COSN19313408,NA,NA,FALSE,0.3226,NA,10,21,NA,NA,NA,IGR,FALSE,FALSE,FALSE,FALSE,2,1,1,1_1,d88296ac-bb0d-47ab-9051-6c358f0af780,NA
6,52465710,52465710,1,snv_mnv,NA,NA,"broad,dkfz,muse,sanger",4,COSN19313428,NA,L1PA8,FALSE,0.4054,NA,15,22,NA,NA,NA,IGR,FALSE,FALSE,FALSE,FALSE,2,1,1,1_1,d88296ac-bb0d-47ab-9051-6c358f0af780,NA
6,53947047,53947047,1,snv_mnv,NA,NA,"broad,dkfz,muse,sanger",4,COSN19313401,NA,L1ME3C,FALSE,0.2895,NA,11,27,NA,NA,NA,Intron,FALSE,FALSE,FALSE,FALSE,2,1,1,1_1,d88296ac-bb0d-47ab-9051-6c358f0af780,"MLIP,MLIP-AS1"
6,54111270,54111270,1,snv_mnv,NA,NA,"broad,muse,sanger",3,COSN19313425,NA,L1M4,FALSE,0.1471,NA,5,29,NA,NA,NA,Intron,FALSE,FALSE,FALSE,FALSE,2,1,1,1_1,d88296ac-bb0d-47ab-9051-6c358f0af780,NA
6,55991219,55991219,1,snv_mnv,NA,NA,"broad,dkfz,muse,sanger",4,COSN19313377,NA,NA,FALSE,0.4,NA,16,24,NA,NA,NA,Intron,FALSE,FALSE,FALSE,FALSE,2,1,1,1_1,d88296ac-bb0d-47ab-9051-6c358f0af780,COL21A1
6,56181271,56181271,1,snv_mnv,NA,NA,"broad,dkfz,muse",3,COSN19313400,NA,NA,FALSE,0.3846,NA,5,8,NA,NA,NA,Intron,FALSE,FALSE,FALSE,FALSE,2,1,1,1_1,d88296ac-bb0d-47ab-9051-6c358f0af780,NA
6,63565812,63565812,1,snv_mnv,NA,NA,"broad,muse,sanger",3,COSN19313395,NA,SATR1,FALSE,0.1562,NA,5,27,NA,NA,NA,IGR,FALSE,FALSE,FALSE,FALSE,2,1,1,1_1,d88296ac-bb0d-47ab-9051-6c358f0af780,NA
6,64881994,64881994,1,snv_mnv,NA,NA,"broad,dkfz,muse,sanger",4,COSN19313407,NA,NA,FALSE,0.2432,NA,9,28,NA,NA,NA,Intron,FALSE,FALSE,FALSE,FALSE,2,1,1,1_1,d88296ac-bb0d-47ab-9051-6c358f0af780,NA
6,65154029,65154029,1,snv_mnv,NA,NA,"broad,dkfz,muse,sanger",4,COSN19313422,NA,HSMAR2,FALSE,0.3023,NA,13,30,NA,NA,NA,Intron,FALSE,FALSE,FALSE,FALSE,2,1,1,1_1,d88296ac-bb0d-47ab-9051-6c358f0af780,NA
6,65477405,65477405,1,snv_mnv,NA,NA,"broad,muse,sanger",3,COSN19313404,NA,L1MA5A,FALSE,0.1538,NA,6,33,NA,NA,NA,Intron,FALSE,FALSE,FALSE,FALSE,2,1,1,1_1,d88296ac-bb0d-47ab-9051-6c358f0af780,NA
6,66124039,66124039,1,snv_mnv,NA,NA,"dkfz,muse,sanger",3,COSN19313392,NA,L2a,FALSE,0.2593,NA,7,20,NA,NA,NA,Intron,FALSE,FALSE,FALSE,FALSE,2,1,1,1_1,d88296ac-bb0d-47ab-9051-6c358f0af780,NA
6,66195555,66195555,1,snv_mnv,NA,NA,"broad,dkfz,muse,sanger",4,COSN19313353,NA,AluSz,FALSE,0.2059,NA,7,27,NA,NA,NA,Intron,FALSE,FALSE,FALSE,FALSE,2,1,1,1_1,d88296ac-bb0d-47ab-9051-6c358f0af780,EYS
6,66396140,66396140,1,snv_mnv,NA,NA,"broad,dkfz,muse,sanger",4,COSN19313399,NA,NA,FALSE,0.2,NA,7,28,NA,NA,NA,Intron,FALSE,FALSE,FALSE,FALSE,2,1,1,1_1,d88296ac-bb0d-47ab-9051-6c358f0af780,NA
6,66550828,66550828,1,snv_mnv,NA,NA,"broad,dkfz,muse,sanger",4,COSN19313442,NA,NA,FALSE,0.2558,NA,11,32,NA,NA,NA,IGR,FALSE,FALSE,FALSE,FALSE,2,1,1,1_1,d88296ac-bb0d-47ab-9051-6c358f0af780,ADH5P4
6,66610158,66610158,1,snv_mnv,NA,NA,"broad,dkfz,muse,sanger",4,COSN19313439,NA,MLT1H-int,FALSE,0.4375,NA,21,27,NA,NA,NA,IGR,FALSE,FALSE,FALSE,FALSE,2,1,1,1_1,d88296ac-bb0d-47ab-9051-6c358f0af780,NA
6,67018009,67018009,1,snv_mnv,NA,NA,"broad,dkfz,muse,sanger",4,COSN19313409,NA,L1MDa,FALSE,0.5,NA,20,20,NA,NA,NA,IGR,FALSE,FALSE,FALSE,FALSE,2,1,1,1_1,d88296ac-bb0d-47ab-9051-6c358f0af780,NA
6,67096668,67096668,1,snv_mnv,NA,NA,"broad,dkfz,muse,sanger",4,COSN19313336,NA,L1MEe,FALSE,0.525,NA,21,19,NA,NA,NA,IGR,FALSE,FALSE,TRUE,FALSE,2,1,1,1_1,d88296ac-bb0d-47ab-9051-6c358f0af780,NA
6,67185487,67185487,1,snv_mnv,NA,NA,"broad,dkfz,sanger",3,COSN19313393,NA,NA,FALSE,0.1842,NA,7,31,NA,NA,NA,IGR,FALSE,FALSE,FALSE,FALSE,2,1,1,1_1,d88296ac-bb0d-47ab-9051-6c358f0af780,NA
6,67692194,67692194,1,snv_mnv,NA,NA,"broad,dkfz,muse,sanger",4,COSN19313351,NA,L1MA7,FALSE,0.2105,NA,8,30,NA,NA,NA,IGR,FALSE,FALSE,FALSE,FALSE,2,1,1,1_1,d88296ac-bb0d-47ab-9051-6c358f0af780,NA
6,67962622,67962622,1,snv_mnv,NA,NA,"broad,dkfz,muse,sanger",4,COSN19314468,NA,AluSx,FALSE,0.3333,NA,11,22,NA,NA,NA,IGR,FALSE,FALSE,FALSE,FALSE,2,1,1,1_1,d88296ac-bb0d-47ab-9051-6c358f0af780,NA
6,68515623,68515623,1,snv_mnv,NA,NA,"broad,dkfz,muse,sanger",4,COSN19313367,NA,L1MA3,FALSE,0.4722,NA,17,19,NA,NA,NA,IGR,FALSE,FALSE,FALSE,FALSE,2,1,1,1_1,d88296ac-bb0d-47ab-9051-6c358f0af780,NA
6,68515625,68515625,1,snv_mnv,NA,NA,"broad,dkfz,muse,sanger",4,COSN19313334,NA,L1MA3,FALSE,0.4722,NA,17,19,NA,NA,NA,IGR,FALSE,FALSE,TRUE,FALSE,2,1,1,1_1,d88296ac-bb0d-47ab-9051-6c358f0af780,NA
6,69357250,69357250,1,snv_mnv,NA,NA,"broad,dkfz,muse,sanger",4,COSN19313398,NA,NA,FALSE,0.1579,NA,6,32,NA,NA,NA,Intron,FALSE,FALSE,FALSE,FALSE,2,1,1,1_1,d88296ac-bb0d-47ab-9051-6c358f0af780,NA
6,72756543,72756543,1,snv_mnv,NA,NA,"dkfz,sanger",2,COSN19313388,NA,NA,FALSE,0.3824,NA,13,21,NA,NA,NA,Intron,FALSE,FALSE,FALSE,FALSE,2,1,1,1_1,d88296ac-bb0d-47ab-9051-6c358f0af780,NA
6,74462852,74462852,1,snv_mnv,NA,NA,"broad,dkfz,muse,sanger",4,COSN19313385,NA,MER58A,FALSE,0.2632,NA,10,28,NA,NA,NA,Intron,FALSE,FALSE,FALSE,FALSE,2,1,1,1_1,d88296ac-bb0d-47ab-9051-6c358f0af780,NA
6,74820610,74820610,1,snv_mnv,NA,NA,"broad,dkfz,muse,sanger",4,COSN19313403,NA,NA,FALSE,0.561,NA,23,18,NA,NA,NA,lincRNA,FALSE,FALSE,FALSE,FALSE,2,1,1,1_1,d88296ac-bb0d-47ab-9051-6c358f0af780,NA
6,75010542,75010542,1,snv_mnv,NA,NA,"broad,dkfz,muse",3,COSN19313412,NA,(TA)n,FALSE,0.45,NA,18,22,NA,NA,NA,lincRNA,FALSE,FALSE,FALSE,FALSE,2,1,1,1_1,d88296ac-bb0d-47ab-9051-6c358f0af780,NA
6,76976277,76976277,1,snv_mnv,NA,NA,"broad,dkfz,muse,sanger",4,COSN19313429,NA,NA,FALSE,0.1562,NA,5,27,NA,NA,NA,IGR,FALSE,FALSE,FALSE,FALSE,2,1,1,1_1,d88296ac-bb0d-47ab-9051-6c358f0af780,NA
6,78703815,78703815,1,snv_mnv,NA,NA,"broad,muse,sanger",3,COSN19313343,NA,L1PA4,FALSE,0.2222,NA,6,21,NA,NA,NA,IGR,FALSE,FALSE,FALSE,FALSE,2,1,1,1_1,d88296ac-bb0d-47ab-9051-6c358f0af780,NA
6,79395170,79395170,1,snv_mnv,NA,NA,"broad,dkfz,muse,sanger",4,COSN19313332,NA,NA,FALSE,0.4138,NA,12,17,NA,NA,NA,IGR,FALSE,FALSE,FALSE,FALSE,2,1,1,1_1,d88296ac-bb0d-47ab-9051-6c358f0af780,NA
6,80898005,80898005,1,snv_mnv,NA,NA,"broad,dkfz,muse,sanger",4,COSN19313361,NA,L1PA15,FALSE,0.2258,NA,7,24,NA,NA,NA,Intron,FALSE,FALSE,TRUE,FALSE,2,1,1,1_1,d88296ac-bb0d-47ab-9051-6c358f0af780,NA
6,81705583,81705583,1,snv_mnv,NA,NA,"broad,muse,sanger",3,COSN19313352,NA,L1MA1,FALSE,0.1622,NA,6,31,NA,NA,NA,IGR,FALSE,FALSE,FALSE,FALSE,2,1,1,1_1,d88296ac-bb0d-47ab-9051-6c358f0af780,NA
6,82129822,82129822,1,snv_mnv,NA,NA,"broad,dkfz,muse,sanger",4,COSN19313375,NA,NA,FALSE,0.2051,NA,8,31,NA,NA,NA,IGR,FALSE,FALSE,FALSE,FALSE,2,1,1,1_1,d88296ac-bb0d-47ab-9051-6c358f0af780,NA
6,83629742,83629742,1,snv_mnv,NA,NA,"broad,dkfz,muse,sanger",4,COSN19313379,NA,NA,FALSE,0.4222,NA,19,26,NA,NA,NA,Intron,FALSE,FALSE,FALSE,FALSE,2,1,1,1_1,d88296ac-bb0d-47ab-9051-6c358f0af780,LAP3P1
6,86238464,86238464,1,snv_mnv,NA,NA,"broad,dkfz,muse,sanger",4,COSN19313348,NA,NA,FALSE,0.1944,NA,7,29,NA,NA,NA,Intron,FALSE,FALSE,FALSE,FALSE,2,1,1,1_1,d88296ac-bb0d-47ab-9051-6c358f0af780,SNX14
6,90384676,90384676,1,snv_mnv,NA,NA,"broad,dkfz,muse,sanger",4,COSN19313419,NA,NA,FALSE,0.2903,NA,9,22,NA,NA,NA,Intron,FALSE,FALSE,FALSE,FALSE,2,1,1,1_1,d88296ac-bb0d-47ab-9051-6c358f0af780,MDN1
6,92689775,92689775,1,snv_mnv,NA,NA,"broad,dkfz,muse,sanger",4,COSN19313410,NA,NA,FALSE,0.129,NA,4,27,NA,NA,NA,IGR,FALSE,FALSE,FALSE,FALSE,2,1,1,1_1,d88296ac-bb0d-47ab-9051-6c358f0af780,NA
6,93156685,93156685,1,snv_mnv,NA,NA,"broad,dkfz,muse,sanger",4,COSN19313437,NA,NA,FALSE,0.2353,NA,8,26,NA,NA,NA,IGR,FALSE,FALSE,FALSE,FALSE,2,1,1,1_1,d88296ac-bb0d-47ab-9051-6c358f0af780,NA
6,94533996,94533996,1,snv_mnv,NA,NA,"broad,dkfz,muse,sanger",4,COSN19313394,NA,L1MEf,FALSE,0.1463,NA,6,35,NA,NA,NA,IGR,FALSE,FALSE,FALSE,FALSE,2,1,1,1_1,d88296ac-bb0d-47ab-9051-6c358f0af780,NA
6,95291505,95291505,1,snv_mnv,NA,NA,"broad,dkfz,muse,sanger",4,COSN19313416,NA,L1ME4a,FALSE,0.375,NA,12,20,NA,NA,NA,IGR,FALSE,FALSE,TRUE,FALSE,2,1,1,1_1,d88296ac-bb0d-47ab-9051-6c358f0af780,NA
6,95840837,95840837,1,snv_mnv,NA,NA,"broad,dkfz,muse,sanger",4,COSN19313427,NA,NA,FALSE,0.1892,NA,7,30,NA,NA,NA,IGR,FALSE,FALSE,FALSE,FALSE,2,1,1,1_1,d88296ac-bb0d-47ab-9051-6c358f0af780,NA
6,96128108,96128108,1,snv_mnv,NA,NA,"broad,dkfz,muse,sanger",4,COSN19313387,NA,NA,FALSE,0.5556,NA,20,16,NA,NA,NA,IGR,FALSE,FALSE,FALSE,FALSE,2,1,1,1_1,d88296ac-bb0d-47ab-9051-6c358f0af780,NA
6,96599663,96599663,1,snv_mnv,NA,NA,"broad,dkfz,muse,sanger",4,COSN19313430,NA,NA,FALSE,0.4872,NA,19,20,NA,NA,NA,Intron,FALSE,FALSE,FALSE,FALSE,2,1,1,1_1,d88296ac-bb0d-47ab-9051-6c358f0af780,NA
6,97656597,97656597,1,snv_mnv,NA,NA,"broad,dkfz,muse,sanger",4,COSN19313366,NA,NA,FALSE,0.4595,NA,17,20,NA,NA,NA,Intron,FALSE,FALSE,FALSE,FALSE,2,1,1,1_1,d88296ac-bb0d-47ab-9051-6c358f0af780,NA
6,98798857,98798857,1,snv_mnv,NA,NA,"broad,dkfz,muse,sanger",4,COSN19313397,NA,NA,FALSE,0.4706,NA,16,18,NA,NA,NA,lincRNA,FALSE,FALSE,FALSE,FALSE,2,1,1,1_1,d88296ac-bb0d-47ab-9051-6c358f0af780,NA
6,101930760,101930760,1,snv_mnv,NA,NA,"broad,dkfz,muse,sanger",4,COSN19313441,NA,NA,FALSE,0.4773,NA,21,23,NA,NA,NA,Intron,FALSE,FALSE,FALSE,FALSE,2,1,1,1_1,d88296ac-bb0d-47ab-9051-6c358f0af780,NA
6,102387072,102387072,1,snv_mnv,NA,NA,"broad,dkfz,muse,sanger",4,COSN19313360,NA,NA,FALSE,0.2895,NA,11,27,NA,NA,NA,Intron,FALSE,FALSE,FALSE,FALSE,2,1,1,1_1,d88296ac-bb0d-47ab-9051-6c358f0af780,NA
6,103007089,103007089,1,snv_mnv,NA,NA,"dkfz,muse,sanger",3,COSN19313357,NA,THE1D,FALSE,0.3333,NA,8,16,NA,NA,NA,IGR,FALSE,FALSE,FALSE,FALSE,2,1,1,1_1,d88296ac-bb0d-47ab-9051-6c358f0af780,NA
6,103868585,103868585,1,snv_mnv,NA,NA,"broad,dkfz,muse,sanger",4,COSN19313370,NA,NA,FALSE,0.2703,NA,10,27,NA,NA,NA,IGR,FALSE,FALSE,TRUE,FALSE,2,1,1,1_1,d88296ac-bb0d-47ab-9051-6c358f0af780,NA
6,104287325,104287325,1,snv_mnv,NA,NA,"broad,dkfz,muse,sanger",4,COSN19313414,NA,NA,FALSE,0.4524,NA,19,23,NA,NA,NA,IGR,FALSE,FALSE,FALSE,FALSE,2,1,1,1_1,d88296ac-bb0d-47ab-9051-6c358f0af780,NA
6,110467292,110467292,1,snv_mnv,NA,NA,"broad,muse,sanger",3,COSN19313371,NA,L1PA4,FALSE,0.1818,NA,4,18,NA,NA,NA,Intron,FALSE,FALSE,FALSE,FALSE,2,1,1,1_1,d88296ac-bb0d-47ab-9051-6c358f0af780,NA
6,112590808,112590808,1,snv_mnv,NA,NA,"broad,dkfz,muse,sanger",4,COSN19313349,NA,NA,FALSE,0.2051,NA,8,31,NA,NA,NA,RNA,FALSE,FALSE,FALSE,FALSE,2,1,1,1_1,d88296ac-bb0d-47ab-9051-6c358f0af780,NA
6,113227873,113227873,1,snv_mnv,5.9904e-4,rs139496209,"broad,dkfz,muse,sanger",4,COSN19313365,rs139496209,NA,FALSE,0.3846,NA,10,16,NA,NA,NA,IGR,FALSE,FALSE,FALSE,FALSE,2,1,1,1_1,d88296ac-bb0d-47ab-9051-6c358f0af780,NA
6,114991287,114991287,1,snv_mnv,NA,NA,"broad,dkfz,muse,sanger",4,COSN19313329,NA,L1MC1,FALSE,0.2593,NA,7,20,NA,NA,NA,IGR,FALSE,FALSE,FALSE,FALSE,2,1,1,1_1,d88296ac-bb0d-47ab-9051-6c358f0af780,NA
6,115890686,115890686,1,snv_mnv,NA,NA,"broad,dkfz,muse,sanger",4,COSN19313362,NA,NA,FALSE,0.2647,NA,9,25,NA,NA,NA,IGR,FALSE,FALSE,FALSE,FALSE,2,1,1,1_1,d88296ac-bb0d-47ab-9051-6c358f0af780,NA
6,116187208,116187208,1,snv_mnv,NA,NA,"broad,dkfz,muse,sanger",4,COSN19313424,NA,NA,FALSE,0.2059,NA,7,27,NA,NA,NA,IGR,FALSE,FALSE,FALSE,FALSE,2,1,1,1_1,d88296ac-bb0d-47ab-9051-6c358f0af780,NA
6,116596976,116596976,1,snv_mnv,NA,NA,"broad,muse,sanger",3,COSN19313436,NA,AluSc8,FALSE,0.1923,NA,5,21,NA,NA,NA,IGR,FALSE,FALSE,TRUE,FALSE,2,1,1,1_1,d88296ac-bb0d-47ab-9051-6c358f0af780,"TSPYL1,DSE"
6,118615961,118615961,1,snv_mnv,NA,NA,"broad,dkfz,muse,sanger",4,COSN19313369,NA,NA,FALSE,0.3636,NA,12,21,NA,NA,NA,Intron,FALSE,FALSE,FALSE,FALSE,2,1,1,1_1,d88296ac-bb0d-47ab-9051-6c358f0af780,NA
6,119637113,119637113,1,snv_mnv,NA,NA,"broad,dkfz,muse,sanger",4,COSN19313426,rs550825549,NA,FALSE,0.6061,NA,20,13,NA,NA,NA,Intron,FALSE,FALSE,FALSE,FALSE,2,1,1,1_1,d88296ac-bb0d-47ab-9051-6c358f0af780,NA
6,121092170,121092170,1,snv_mnv,NA,NA,"broad,dkfz,muse,sanger",4,COSN19313344,NA,NA,FALSE,0.4412,NA,15,19,NA,NA,NA,IGR,FALSE,FALSE,FALSE,FALSE,2,1,1,1_1,d88296ac-bb0d-47ab-9051-6c358f0af780,NA
6,121473855,121473855,1,snv_mnv,NA,NA,"broad,dkfz,muse,sanger",4,COSN19313391,NA,L1PA7,FALSE,0.5667,NA,17,13,NA,NA,NA,Intron,FALSE,FALSE,FALSE,FALSE,2,1,1,1_1,d88296ac-bb0d-47ab-9051-6c358f0af780,NA
6,122298392,122298392,1,snv_mnv,NA,NA,"broad,dkfz,muse,sanger",4,COSN19313418,NA,L1M4,FALSE,0.2,NA,8,32,NA,NA,NA,IGR,FALSE,FALSE,FALSE,FALSE,2,1,1,1_1,d88296ac-bb0d-47ab-9051-6c358f0af780,NA
6,122890501,122890501,1,snv_mnv,NA,NA,"broad,dkfz,muse,sanger",4,COSN19313390,NA,L1PB2,FALSE,0.65,NA,13,7,NA,NA,NA,Intron,FALSE,FALSE,FALSE,FALSE,2,1,1,1_1,d88296ac-bb0d-47ab-9051-6c358f0af780,NA
6,124993306,124993306,1,snv_mnv,NA,NA,"broad,dkfz,muse,sanger",4,COSN19312612,NA,NA,FALSE,0.1351,NA,5,32,NA,NA,NA,Intron,FALSE,FALSE,FALSE,FALSE,2,1,1,1_1,d88296ac-bb0d-47ab-9051-6c358f0af780,NA
6,126710502,126710502,1,snv_mnv,NA,NA,"broad,dkfz,muse,sanger",4,COSN19313363,NA,NA,FALSE,0.2045,NA,9,35,NA,NA,NA,IGR,FALSE,FALSE,FALSE,FALSE,2,1,1,1_1,d88296ac-bb0d-47ab-9051-6c358f0af780,NA
6,133392205,133392205,1,snv_mnv,NA,NA,"broad,dkfz,muse,sanger",4,COSN19313411,NA,NA,FALSE,0.2903,NA,9,22,NA,NA,NA,IGR,FALSE,FALSE,FALSE,FALSE,2,1,1,1_1,d88296ac-bb0d-47ab-9051-6c358f0af780,NA
6,133436780,133436780,1,snv_mnv,NA,NA,"broad,dkfz,muse,sanger",4,COSN19313406,NA,L1MC4a,FALSE,0.1628,NA,7,36,NA,NA,NA,IGR,FALSE,FALSE,FALSE,FALSE,2,1,1,1_1,d88296ac-bb0d-47ab-9051-6c358f0af780,NA
6,134316697,134316697,1,snv_mnv,NA,NA,"broad,dkfz,muse,sanger",4,COSN19313432,NA,L2a,FALSE,0.4074,NA,11,16,NA,NA,NA,Intron,FALSE,FALSE,TRUE,FALSE,2,1,1,1_1,d88296ac-bb0d-47ab-9051-6c358f0af780,NA
6,136270551,136270551,1,snv_mnv,NA,NA,"broad,dkfz,muse,sanger",4,COSN19313345,NA,NA,FALSE,0.3438,NA,11,21,NA,NA,NA,Intron,FALSE,FALSE,FALSE,FALSE,2,1,1,1_1,d88296ac-bb0d-47ab-9051-6c358f0af780,NA
6,136448657,136448657,1,snv_mnv,NA,NA,"broad,dkfz,muse,sanger",4,COSN19313359,NA,NA,FALSE,0.1667,NA,6,30,NA,NA,NA,Intron,FALSE,FALSE,TRUE,FALSE,2,1,1,1_1,d88296ac-bb0d-47ab-9051-6c358f0af780,NA
6,140096765,140096765,1,snv_mnv,NA,NA,"broad,dkfz,muse,sanger",4,COSN19313364,NA,NA,FALSE,0.5,NA,13,13,NA,NA,NA,IGR,FALSE,FALSE,FALSE,FALSE,2,1,1,1_1,d88296ac-bb0d-47ab-9051-6c358f0af780,NA
6,140994289,140994289,1,snv_mnv,NA,NA,"broad,dkfz,muse,sanger",4,COSN19313415,NA,L1M5,FALSE,0.6842,NA,26,12,NA,NA,NA,IGR,FALSE,FALSE,FALSE,FALSE,2,1,1,1_1,d88296ac-bb0d-47ab-9051-6c358f0af780,NA
6,142940837,142940837,1,snv_mnv,NA,NA,"broad,muse,sanger",3,COSN19313383,NA,AluJb,FALSE,0.1765,NA,6,28,NA,NA,NA,lincRNA,FALSE,FALSE,FALSE,FALSE,2,1,1,1_1,d88296ac-bb0d-47ab-9051-6c358f0af780,NA
6,145317498,145317498,1,snv_mnv,NA,NA,"broad,dkfz,muse,sanger",4,COSN19313339,NA,NA,FALSE,0.2895,NA,11,27,NA,NA,NA,IGR,FALSE,FALSE,FALSE,FALSE,2,1,1,1_1,d88296ac-bb0d-47ab-9051-6c358f0af780,NA
6,152566082,152566082,1,snv_mnv,NA,NA,"broad,dkfz,muse,sanger",4,COSN19313423,NA,NA,FALSE,0.2059,NA,7,27,NA,NA,NA,Intron,FALSE,FALSE,FALSE,FALSE,2,1,1,1_1,d88296ac-bb0d-47ab-9051-6c358f0af780,NA
6,152903913,152903913,1,snv_mnv,NA,NA,"broad,dkfz,muse,sanger",4,COSN19313402,NA,L1PA17,FALSE,0.2121,NA,7,26,NA,NA,NA,Intron,FALSE,FALSE,TRUE,FALSE,2,1,1,1_1,d88296ac-bb0d-47ab-9051-6c358f0af780,NA
6,159934923,159934923,1,snv_mnv,NA,NA,"broad,dkfz,muse,sanger",4,COSN19313440,NA,NA,FALSE,0.2333,NA,7,23,NA,NA,NA,IGR,FALSE,FALSE,FALSE,FALSE,2,1,1,1_1,d88296ac-bb0d-47ab-9051-6c358f0af780,NA
6,162774636,162774636,1,snv_mnv,NA,NA,"broad,dkfz,muse,sanger",4,COSN19313435,NA,NA,FALSE,0.3667,NA,11,19,NA,NA,NA,Intron,FALSE,FALSE,FALSE,FALSE,2,1,1,1_1,d88296ac-bb0d-47ab-9051-6c358f0af780,NA
6,162912116,162912116,1,snv_mnv,NA,NA,"broad,dkfz,muse",3,COSN19313368,NA,AluSz6,FALSE,0.2222,NA,6,21,NA,NA,NA,Intron,FALSE,FALSE,FALSE,FALSE,2,1,1,1_1,d88296ac-bb0d-47ab-9051-6c358f0af780,NA
6,164855740,164855740,1,snv_mnv,NA,NA,"broad,dkfz,muse,sanger",4,COSN19313381,NA,NA,FALSE,0.4412,NA,15,19,NA,NA,NA,IGR,FALSE,FALSE,FALSE,FALSE,2,1,1,1_1,d88296ac-bb0d-47ab-9051-6c358f0af780,NA
6,165992641,165992641,1,snv_mnv,NA,NA,"broad,dkfz,muse,sanger",4,COSN19313335,NA,L2,FALSE,0.3137,NA,16,35,NA,NA,NA,Intron,FALSE,FALSE,FALSE,FALSE,2,1,1,1_1,d88296ac-bb0d-47ab-9051-6c358f0af780,NA
6,166433912,166433912,1,snv_mnv,NA,NA,"broad,muse,sanger",3,COSN19313382,NA,MLT2B3,FALSE,0.1429,NA,5,30,NA,NA,NA,IGR,FALSE,FALSE,TRUE,FALSE,2,1,1,1_1,d88296ac-bb0d-47ab-9051-6c358f0af780,NA
6,167090949,167090949,1,snv_mnv,NA,NA,"broad,muse,sanger",3,COSN19313386,NA,AluSz6,FALSE,0.1562,NA,5,27,NA,NA,NA,Intron,FALSE,FALSE,TRUE,FALSE,2,1,1,1_1,d88296ac-bb0d-47ab-9051-6c358f0af780,NA
7,5828604,5828604,1,snv_mnv,NA,NA,"broad,muse",2,COSN19312759,NA,AluJr,FALSE,0.4091,NA,9,13,NA,NA,NA,IGR,FALSE,FALSE,FALSE,FALSE,2,1,1,1_1,d88296ac-bb0d-47ab-9051-6c358f0af780,NA
7,7645013,7645013,1,snv_mnv,NA,NA,"broad,dkfz,muse,sanger",4,COSN19312811,rs746609136,AluSz6,FALSE,0.2069,NA,6,23,NA,NA,NA,Intron,FALSE,FALSE,FALSE,FALSE,2,1,1,1_1,d88296ac-bb0d-47ab-9051-6c358f0af780,NA
7,8608637,8608637,1,snv_mnv,NA,NA,"broad,dkfz,muse,sanger",4,COSN19312772,NA,NA,FALSE,0.5217,NA,24,22,NA,NA,NA,Intron,FALSE,FALSE,TRUE,FALSE,2,1,1,1_1,d88296ac-bb0d-47ab-9051-6c358f0af780,NA
7,12933536,12933536,1,snv_mnv,NA,NA,"broad,dkfz,muse,sanger",4,COSN19312785,NA,NA,FALSE,0.3939,NA,13,20,NA,NA,NA,IGR,FALSE,FALSE,FALSE,FALSE,2,1,1,1_1,d88296ac-bb0d-47ab-9051-6c358f0af780,NA
7,13709243,13709243,1,snv_mnv,NA,NA,"broad,muse,sanger",3,COSN19312717,NA,L1PA7,FALSE,0.1471,NA,5,29,NA,NA,NA,IGR,FALSE,FALSE,FALSE,FALSE,2,1,1,1_1,d88296ac-bb0d-47ab-9051-6c358f0af780,NA
7,14019308,14019308,1,snv_mnv,NA,NA,"broad,dkfz,muse,sanger",4,COSN19312781,NA,NA,FALSE,0.1429,NA,5,30,NA,NA,NA,Intron,FALSE,FALSE,FALSE,FALSE,2,1,1,1_1,d88296ac-bb0d-47ab-9051-6c358f0af780,NA
7,14483773,14483773,1,snv_mnv,NA,NA,"broad,dkfz,muse,sanger",4,COSN19312803,NA,NA,FALSE,0.25,NA,9,27,NA,NA,NA,Intron,FALSE,FALSE,FALSE,FALSE,2,1,1,1_1,d88296ac-bb0d-47ab-9051-6c358f0af780,NA
7,14536264,14536264,1,snv_mnv,NA,NA,"broad,dkfz,muse,sanger",4,COSN19312776,NA,NA,FALSE,0.4773,NA,21,23,NA,NA,NA,Intron,FALSE,FALSE,FALSE,FALSE,2,1,1,1_1,d88296ac-bb0d-47ab-9051-6c358f0af780,NA
7,14789004,14789004,1,snv_mnv,NA,NA,"broad,dkfz,muse,sanger",4,COSN19312794,NA,NA,FALSE,0.525,NA,21,19,NA,NA,NA,Intron,FALSE,FALSE,FALSE,FALSE,2,1,1,1_1,d88296ac-bb0d-47ab-9051-6c358f0af780,NA
7,15621018,15621018,1,snv_mnv,NA,NA,"broad,dkfz,muse,sanger",4,COSN19312732,NA,NA,FALSE,0.2647,NA,9,25,NA,NA,NA,IGR,FALSE,FALSE,FALSE,FALSE,2,1,1,1_1,d88296ac-bb0d-47ab-9051-6c358f0af780,NA
7,16090042,16090042,1,snv_mnv,NA,NA,"broad,dkfz,muse,sanger",4,COSN19312762,NA,NA,FALSE,0.3939,NA,13,20,NA,NA,NA,IGR,FALSE,FALSE,FALSE,FALSE,2,1,1,1_1,d88296ac-bb0d-47ab-9051-6c358f0af780,NA
7,20646733,20646733,1,snv_mnv,NA,NA,"broad,dkfz,muse,sanger",4,COSN19312760,NA,MIRb,FALSE,0.4583,NA,11,13,NA,NA,NA,IGR,FALSE,FALSE,FALSE,FALSE,2,1,1,1_1,d88296ac-bb0d-47ab-9051-6c358f0af780,NA
7,21749544,21749544,1,snv_mnv,NA,NA,"broad,dkfz,muse,sanger",4,COSN19312737,NA,NA,FALSE,0.125,NA,5,35,NA,NA,NA,Intron,FALSE,FALSE,FALSE,FALSE,2,1,1,1_1,d88296ac-bb0d-47ab-9051-6c358f0af780,NA
7,27128442,27128442,1,snv_mnv,NA,NA,"broad,dkfz,muse,sanger",4,COSN19312715,NA,NA,FALSE,0.2,NA,6,24,NA,NA,NA,IGR,FALSE,FALSE,FALSE,FALSE,2,1,1,1_1,d88296ac-bb0d-47ab-9051-6c358f0af780,HOXA1
7,31237419,31237419,1,snv_mnv,NA,NA,"broad,dkfz,muse,sanger",4,COSN19312792,NA,MER1A,FALSE,0.1364,NA,6,38,NA,NA,NA,IGR,FALSE,FALSE,FALSE,FALSE,2,1,1,1_1,d88296ac-bb0d-47ab-9051-6c358f0af780,NA
7,31329389,31329389,1,snv_mnv,NA,NA,"broad,dkfz,muse,sanger",4,COSN19312756,NA,NA,FALSE,0.5366,NA,22,19,NA,NA,NA,IGR,FALSE,FALSE,FALSE,FALSE,2,1,1,1_1,d88296ac-bb0d-47ab-9051-6c358f0af780,NA
7,34458061,34458061,1,snv_mnv,NA,NA,"broad,dkfz,muse,sanger",4,COSN19312782,NA,L1MA7,FALSE,0.4375,NA,14,18,NA,NA,NA,RNA,FALSE,FALSE,FALSE,FALSE,2,1,1,1_1,d88296ac-bb0d-47ab-9051-6c358f0af780,NA
7,39176319,39176319,1,snv_mnv,NA,NA,"broad,dkfz,muse,sanger",4,COSN19312815,NA,AluJr,FALSE,0.28,NA,7,18,NA,NA,NA,Intron,FALSE,FALSE,FALSE,FALSE,2,1,1,1_1,d88296ac-bb0d-47ab-9051-6c358f0af780,POU6F2
7,42852268,42852268,1,snv_mnv,NA,NA,"broad,muse,sanger",3,COSN19312808,NA,L1M1,FALSE,0.1333,NA,4,26,NA,NA,NA,IGR,FALSE,FALSE,FALSE,FALSE,2,1,1,1_1,d88296ac-bb0d-47ab-9051-6c358f0af780,NA
7,47729970,47729970,1,snv_mnv,NA,NA,"broad,dkfz,muse,sanger",4,COSN19312750,NA,NA,FALSE,0.5,NA,17,17,NA,NA,NA,IGR,FALSE,FALSE,FALSE,FALSE,2,1,1,1_1,d88296ac-bb0d-47ab-9051-6c358f0af780,NA
7,48901883,48901883,1,snv_mnv,7.9872e-4,rs576426144,"broad,muse,sanger",3,COSN17129334,rs576426144,NA,FALSE,0.2,NA,5,20,NA,NA,NA,IGR,FALSE,FALSE,FALSE,FALSE,2,1,1,1_1,d88296ac-bb0d-47ab-9051-6c358f0af780,NA
7,52683190,52683190,1,snv_mnv,NA,NA,"broad,dkfz,muse,sanger",4,COSN19312801,NA,NA,FALSE,0.3438,NA,11,21,NA,NA,NA,IGR,FALSE,FALSE,FALSE,FALSE,2,1,1,1_1,d88296ac-bb0d-47ab-9051-6c358f0af780,NA
7,52864510,52864510,1,snv_mnv,NA,NA,"broad,muse,sanger",3,COSN19312775,NA,Arthur1,FALSE,0.1852,NA,5,22,NA,NA,NA,IGR,FALSE,FALSE,FALSE,FALSE,2,1,1,1_1,d88296ac-bb0d-47ab-9051-6c358f0af780,NA
7,53999671,53999671,1,snv_mnv,NA,NA,"broad,dkfz,muse,sanger",4,COSN19312774,NA,NA,FALSE,0.2368,NA,9,29,NA,NA,NA,lincRNA,FALSE,FALSE,FALSE,FALSE,2,1,1,1_1,d88296ac-bb0d-47ab-9051-6c358f0af780,NA
7,54037047,54037047,1,snv_mnv,NA,NA,"broad,dkfz,muse,sanger",4,COSN19312719,NA,NA,FALSE,0.1667,NA,4,20,NA,NA,NA,IGR,FALSE,FALSE,FALSE,FALSE,2,1,1,1_1,d88296ac-bb0d-47ab-9051-6c358f0af780,NA
7,57281496,57281496,1,snv_mnv,1.9968e-4,rs541357790,"broad,muse,sanger",3,COSN9503819,rs541357790,AluYf4,FALSE,0.5385,NA,14,12,NA,NA,NA,IGR,FALSE,FALSE,FALSE,FALSE,2,1,1,1_1,d88296ac-bb0d-47ab-9051-6c358f0af780,NA
7,63035468,63035468,1,snv_mnv,NA,NA,"broad,dkfz,muse,sanger",4,COSN19312749,NA,NA,FALSE,0.2281,NA,13,44,NA,NA,NA,IGR,FALSE,FALSE,FALSE,FALSE,2,1,1,1_1,d88296ac-bb0d-47ab-9051-6c358f0af780,NA
7,64048835,64048835,1,snv_mnv,NA,NA,"broad,muse,sanger",3,COSN19312734,NA,AluY,FALSE,0.1852,NA,5,22,NA,NA,NA,IGR,FALSE,FALSE,FALSE,FALSE,2,1,1,1_1,d88296ac-bb0d-47ab-9051-6c358f0af780,AC016769.4
7,67924208,67924208,1,snv_mnv,NA,NA,"broad,dkfz,muse,sanger",4,COSN19312800,NA,THE1D,FALSE,0.5833,NA,14,10,NA,NA,NA,IGR,FALSE,FALSE,FALSE,FALSE,2,1,1,1_1,d88296ac-bb0d-47ab-9051-6c358f0af780,NA
7,70383598,70383598,1,snv_mnv,NA,NA,"broad,dkfz,muse,sanger",4,COSN19312795,rs374429504,NA,FALSE,0.3333,NA,8,16,NA,NA,NA,IGR,FALSE,FALSE,FALSE,FALSE,2,1,1,1_1,d88296ac-bb0d-47ab-9051-6c358f0af780,NA
7,78422785,78422785,1,snv_mnv,NA,NA,"broad,dkfz,muse,sanger",4,COSN19312745,rs774738911,MER20,FALSE,0.3514,NA,13,24,NA,NA,NA,Intron,FALSE,FALSE,FALSE,FALSE,2,1,1,1_1,d88296ac-bb0d-47ab-9051-6c358f0af780,NA
7,78489781,78489781,1,snv_mnv,NA,NA,"broad,dkfz,muse,sanger",4,COSN19312761,NA,L1PA5,FALSE,0.2692,NA,7,19,NA,NA,NA,Intron,FALSE,FALSE,FALSE,FALSE,2,1,1,1_1,d88296ac-bb0d-47ab-9051-6c358f0af780,NA
7,79685963,79685963,1,snv_mnv,NA,NA,"broad,muse,sanger",3,COSN19312791,NA,MER5A,FALSE,0.1081,NA,4,33,NA,NA,NA,IGR,FALSE,FALSE,FALSE,FALSE,2,1,1,1_1,d88296ac-bb0d-47ab-9051-6c358f0af780,NA
7,80777143,80777143,1,snv_mnv,NA,NA,"broad,dkfz,muse,sanger",4,COSN19312718,NA,L1MA3,FALSE,0.18,NA,9,41,NA,NA,NA,IGR,FALSE,FALSE,TRUE,FALSE,2,1,1,1_1,d88296ac-bb0d-47ab-9051-6c358f0af780,NA
7,80909882,80909882,1,snv_mnv,NA,NA,"broad,muse,sanger",3,COSN19312721,NA,MLT2A2,FALSE,0.1333,NA,4,26,NA,NA,NA,IGR,FALSE,FALSE,FALSE,FALSE,2,1,1,1_1,d88296ac-bb0d-47ab-9051-6c358f0af780,NA
7,82569884,82569884,1,snv_mnv,NA,NA,"broad,dkfz,muse,sanger",4,COSN19312778,NA,NA,FALSE,0.1923,NA,5,21,NA,NA,NA,Intron,FALSE,FALSE,FALSE,FALSE,2,1,1,1_1,d88296ac-bb0d-47ab-9051-6c358f0af780,NA
7,82667027,82667027,1,snv_mnv,NA,NA,"broad,dkfz,muse,sanger",4,COSN19312727,NA,NA,FALSE,0.4359,NA,17,22,NA,NA,NA,Intron,FALSE,FALSE,FALSE,FALSE,2,1,1,1_1,d88296ac-bb0d-47ab-9051-6c358f0af780,NA
7,83069051,83069051,1,snv_mnv,NA,NA,"broad,dkfz,muse,sanger",4,COSN19312723,NA,NA,FALSE,0.3103,NA,9,20,NA,NA,NA,Intron,FALSE,FALSE,FALSE,FALSE,2,1,1,1_1,d88296ac-bb0d-47ab-9051-6c358f0af780,NA
7,83167182,83167182,1,snv_mnv,NA,NA,"broad,dkfz,muse,sanger",4,COSN19312757,NA,L1MB8,FALSE,0.4054,NA,15,22,NA,NA,NA,Intron,FALSE,FALSE,FALSE,FALSE,2,1,1,1_1,d88296ac-bb0d-47ab-9051-6c358f0af780,NA
7,83472351,83472351,1,snv_mnv,NA,NA,"broad,muse,sanger",3,COSN19312736,NA,THE1D,FALSE,0.1351,NA,5,32,NA,NA,NA,IGR,FALSE,FALSE,FALSE,FALSE,2,1,1,1_1,d88296ac-bb0d-47ab-9051-6c358f0af780,NA
7,83600658,83600658,1,snv_mnv,NA,NA,"broad,dkfz,muse,sanger",4,COSN19312726,NA,AluSq2,FALSE,0.3548,NA,11,20,NA,NA,NA,Intron,FALSE,FALSE,FALSE,FALSE,2,1,1,1_1,d88296ac-bb0d-47ab-9051-6c358f0af780,NA
7,84021542,84021542,1,snv_mnv,NA,NA,"broad,muse,sanger",3,COSN19312767,NA,L1MA7,FALSE,0.1351,NA,5,32,NA,NA,NA,IGR,FALSE,FALSE,TRUE,FALSE,2,1,1,1_1,d88296ac-bb0d-47ab-9051-6c358f0af780,NA
7,84373230,84373230,1,snv_mnv,NA,NA,"dkfz,sanger",2,COSN19312807,NA,L1MEc,FALSE,0.5,NA,13,13,NA,NA,NA,IGR,FALSE,FALSE,FALSE,FALSE,2,1,1,1_1,d88296ac-bb0d-47ab-9051-6c358f0af780,NA
7,86467410,86467410,1,snv_mnv,NA,NA,"broad,dkfz,muse,sanger",4,COSN19312783,NA,NA,FALSE,0.2759,NA,8,21,NA,NA,NA,Intron,FALSE,FALSE,FALSE,FALSE,2,1,1,1_1,d88296ac-bb0d-47ab-9051-6c358f0af780,NA
7,88493007,88493007,1,snv_mnv,NA,NA,"broad,dkfz,muse,sanger",4,COSN19312802,NA,L2a,FALSE,0.2258,NA,7,24,NA,NA,NA,Intron,FALSE,FALSE,FALSE,FALSE,2,1,1,1_1,d88296ac-bb0d-47ab-9051-6c358f0af780,NA
7,89130754,89130754,1,snv_mnv,NA,NA,"broad,dkfz,muse,sanger",4,COSN19312787,NA,NA,FALSE,0.2973,NA,11,26,NA,NA,NA,IGR,FALSE,FALSE,FALSE,FALSE,2,1,1,1_1,d88296ac-bb0d-47ab-9051-6c358f0af780,NA
7,89542273,89542273,1,snv_mnv,NA,NA,"broad,dkfz,muse,sanger",4,COSN19312729,NA,L2a,FALSE,0.5,NA,12,12,NA,NA,NA,RNA,FALSE,FALSE,FALSE,FALSE,2,1,1,1_1,d88296ac-bb0d-47ab-9051-6c358f0af780,NA
7,89923783,89923783,1,snv_mnv,NA,NA,"broad,dkfz,muse,sanger",4,COSN19312731,NA,PABL_A-int,FALSE,0.2069,NA,6,23,NA,NA,NA,Intron,FALSE,FALSE,TRUE,FALSE,2,1,1,1_1,d88296ac-bb0d-47ab-9051-6c358f0af780,NA
7,90849633,90849633,1,snv_mnv,NA,NA,"broad,dkfz,muse,sanger",4,COSN19312813,NA,NA,FALSE,0.5,NA,16,16,NA,NA,NA,IGR,FALSE,FALSE,FALSE,FALSE,2,1,1,1_1,d88296ac-bb0d-47ab-9051-6c358f0af780,NA
7,93859658,93859658,1,snv_mnv,NA,NA,"broad,dkfz,muse,sanger",4,COSN19312779,NA,L1MEe,FALSE,0.2333,NA,7,23,NA,NA,NA,IGR,FALSE,FALSE,FALSE,FALSE,2,1,1,1_1,d88296ac-bb0d-47ab-9051-6c358f0af780,NA
7,95000985,95000985,1,snv_mnv,NA,NA,"dkfz,muse,sanger",3,COSN19312810,NA,L1MB7,FALSE,0.2857,NA,12,30,NA,NA,NA,Intron,FALSE,FALSE,TRUE,FALSE,2,1,1,1_1,d88296ac-bb0d-47ab-9051-6c358f0af780,NA
7,104055553,104055553,1,snv_mnv,NA,NA,"broad,dkfz,muse,sanger",4,COSN19312744,NA,NA,FALSE,0.1562,NA,5,27,NA,NA,NA,Intron,FALSE,FALSE,FALSE,FALSE,2,1,1,1_1,d88296ac-bb0d-47ab-9051-6c358f0af780,NA
7,109883241,109883241,1,snv_mnv,NA,NA,"broad,dkfz,muse,sanger",4,COSN19312780,NA,NA,FALSE,0.2045,NA,9,35,NA,NA,NA,IGR,FALSE,FALSE,FALSE,FALSE,2,1,1,1_1,d88296ac-bb0d-47ab-9051-6c358f0af780,NA
7,110040807,110040807,1,snv_mnv,NA,NA,"broad,dkfz,muse,sanger",4,COSN19312765,NA,MIRb,FALSE,0.2,NA,7,28,NA,NA,NA,IGR,FALSE,FALSE,FALSE,FALSE,2,1,1,1_1,d88296ac-bb0d-47ab-9051-6c358f0af780,NA
7,110646738,110646738,1,snv_mnv,NA,NA,"broad,dkfz,muse,sanger",4,COSN19312766,NA,NA,FALSE,0.2286,NA,8,27,NA,NA,NA,Intron,FALSE,FALSE,FALSE,FALSE,2,1,1,1_1,d88296ac-bb0d-47ab-9051-6c358f0af780,NA
7,111321653,111321653,1,snv_mnv,NA,NA,"broad,dkfz,muse,sanger",4,COSN19312753,NA,NA,FALSE,0.4848,NA,16,17,NA,NA,NA,IGR,FALSE,FALSE,FALSE,FALSE,2,1,1,1_1,d88296ac-bb0d-47ab-9051-6c358f0af780,NA
7,114751102,114751102,1,snv_mnv,NA,NA,"broad,dkfz,muse,sanger",4,COSN19312722,NA,NA,FALSE,0.2903,NA,9,22,NA,NA,NA,lincRNA,FALSE,FALSE,FALSE,FALSE,2,1,1,1_1,d88296ac-bb0d-47ab-9051-6c358f0af780,NA
7,115036880,115036880,1,snv_mnv,NA,NA,"broad,muse",2,COSN19312790,NA,AluSx1,FALSE,0.2353,NA,4,13,NA,NA,NA,IGR,FALSE,FALSE,FALSE,FALSE,2,1,1,1_1,d88296ac-bb0d-47ab-9051-6c358f0af780,NA
7,115381809,115381809,1,snv_mnv,NA,NA,"broad,dkfz,muse,sanger",4,COSN19312751,NA,MLT1A0,FALSE,0.1875,NA,6,26,NA,NA,NA,IGR,FALSE,FALSE,FALSE,FALSE,2,1,1,1_1,d88296ac-bb0d-47ab-9051-6c358f0af780,NA
7,115624091,115624091,1,snv_mnv,NA,NA,"broad,dkfz,muse,sanger",4,COSN19312812,NA,NA,FALSE,0.2857,NA,10,25,NA,NA,NA,Intron,FALSE,FALSE,FALSE,FALSE,2,1,1,1_1,d88296ac-bb0d-47ab-9051-6c358f0af780,NA
7,119100043,119100043,1,snv_mnv,NA,NA,"broad,dkfz,muse,sanger",4,COSN19312742,NA,NA,FALSE,0.1429,NA,6,36,NA,NA,NA,IGR,FALSE,FALSE,FALSE,FALSE,2,1,1,1_1,d88296ac-bb0d-47ab-9051-6c358f0af780,NA
7,119461050,119461050,1,snv_mnv,NA,NA,"broad,dkfz,muse,sanger",4,COSN19312799,NA,L1M2,FALSE,0.45,NA,18,22,NA,NA,NA,lincRNA,FALSE,FALSE,FALSE,FALSE,2,1,1,1_1,d88296ac-bb0d-47ab-9051-6c358f0af780,NA
7,122196968,122196968,1,snv_mnv,NA,NA,"broad,dkfz,muse,sanger",4,COSN19312777,NA,LTR33A,FALSE,0.2333,NA,7,23,NA,NA,NA,Intron,FALSE,FALSE,FALSE,FALSE,2,1,1,1_1,d88296ac-bb0d-47ab-9051-6c358f0af780,NA
7,123571453,123571453,1,snv_mnv,NA,NA,"broad,dkfz,muse,sanger",4,COSN19312758,NA,MER39B,FALSE,0.2195,NA,9,32,NA,NA,NA,Intron,FALSE,FALSE,FALSE,FALSE,2,1,1,1_1,d88296ac-bb0d-47ab-9051-6c358f0af780,AC004690.1
7,123894561,123894561,1,snv_mnv,NA,NA,"broad,dkfz,muse,sanger",4,COSN19312752,NA,LTR16A,FALSE,0.45,NA,18,22,NA,NA,NA,RNA,FALSE,FALSE,FALSE,FALSE,2,1,1,1_1,d88296ac-bb0d-47ab-9051-6c358f0af780,NA
7,124261210,124261210,1,snv_mnv,NA,NA,"broad,dkfz,muse,sanger",4,COSN19312733,NA,L1MA7,FALSE,0.3438,NA,11,21,NA,NA,NA,IGR,FALSE,FALSE,FALSE,FALSE,2,1,1,1_1,d88296ac-bb0d-47ab-9051-6c358f0af780,NA
7,125972408,125972408,1,snv_mnv,NA,NA,"dkfz,muse,sanger",3,COSN19312809,NA,NA,FALSE,0.2051,NA,8,31,NA,NA,NA,IGR,FALSE,FALSE,FALSE,FALSE,2,1,1,1_1,d88296ac-bb0d-47ab-9051-6c358f0af780,NA
7,131281945,131281945,1,snv_mnv,NA,NA,"broad,dkfz,muse,sanger",4,COSN19312804,NA,NA,FALSE,0.2941,NA,5,12,NA,NA,NA,IGR,FALSE,FALSE,FALSE,FALSE,2,1,1,1_1,d88296ac-bb0d-47ab-9051-6c358f0af780,NA
7,131504878,131504878,1,snv_mnv,NA,NA,"broad,dkfz,muse,sanger",4,COSN19312741,NA,NA,FALSE,0.5517,NA,16,13,NA,NA,NA,IGR,FALSE,FALSE,FALSE,FALSE,2,1,1,1_1,d88296ac-bb0d-47ab-9051-6c358f0af780,NA
7,131797835,131797835,1,snv_mnv,NA,NA,"dkfz,muse,sanger",3,COSN19312600,rs768952451,NA,FALSE,0.2069,NA,6,23,NA,NA,NA,IGR,FALSE,FALSE,FALSE,FALSE,2,1,1,1_1,d88296ac-bb0d-47ab-9051-6c358f0af780,NA
7,132733112,132733112,1,snv_mnv,NA,NA,"broad,dkfz,muse,sanger",4,COSN19312769,NA,NA,FALSE,0.1944,NA,7,29,NA,NA,NA,Intron,FALSE,FALSE,TRUE,FALSE,2,1,1,1_1,d88296ac-bb0d-47ab-9051-6c358f0af780,NA
7,132779928,132779928,1,snv_mnv,NA,NA,"broad,dkfz,muse,sanger",4,COSN19312743,NA,NA,FALSE,0.1429,NA,5,30,NA,NA,NA,IGR,FALSE,FALSE,FALSE,FALSE,2,1,1,1_1,d88296ac-bb0d-47ab-9051-6c358f0af780,NA
7,134470696,134470696,1,snv_mnv,NA,NA,"broad,dkfz,muse,sanger",4,COSN19312773,NA,NA,FALSE,0.2162,NA,8,29,NA,NA,NA,Intron,FALSE,FALSE,FALSE,FALSE,2,1,1,1_1,d88296ac-bb0d-47ab-9051-6c358f0af780,NA
7,134511054,134511054,1,snv_mnv,NA,NA,"broad,dkfz,muse,sanger",4,COSN19312796,NA,NA,FALSE,0.5172,NA,15,14,NA,NA,NA,Intron,FALSE,FALSE,FALSE,FALSE,2,1,1,1_1,d88296ac-bb0d-47ab-9051-6c358f0af780,CALD1
7,142828067,142828067,1,snv_mnv,NA,NA,"broad,dkfz,muse,sanger",4,COSN19312716,NA,NA,FALSE,0.2727,NA,6,16,NA,NA,NA,5'Flank,FALSE,FALSE,FALSE,FALSE,2,1,1,1_1,d88296ac-bb0d-47ab-9051-6c358f0af780,PIP
7,144372415,144372415,1,snv_mnv,NA,NA,"broad,dkfz,muse,sanger",4,COSN19312789,NA,L1ME1,FALSE,0.4286,NA,15,20,NA,NA,NA,Intron,FALSE,FALSE,FALSE,FALSE,2,1,1,1_1,d88296ac-bb0d-47ab-9051-6c358f0af780,NA
7,145058123,145058123,1,snv_mnv,NA,NA,"broad,dkfz,muse,sanger",4,COSN19312798,NA,LTR12C,FALSE,0.2353,NA,4,13,NA,NA,NA,IGR,FALSE,FALSE,FALSE,FALSE,2,1,1,1_1,d88296ac-bb0d-47ab-9051-6c358f0af780,NA
7,146057174,146057174,1,snv_mnv,NA,NA,"broad,dkfz,muse,sanger",4,COSN19312797,NA,NA,FALSE,0.2759,NA,8,21,NA,NA,NA,Intron,FALSE,FALSE,FALSE,FALSE,2,1,1,1_1,d88296ac-bb0d-47ab-9051-6c358f0af780,NA
7,146335474,146335474,1,snv_mnv,NA,NA,"broad,dkfz,muse,sanger",4,COSN19312784,NA,NA,FALSE,0.1429,NA,4,24,NA,NA,NA,Intron,FALSE,FALSE,FALSE,FALSE,2,1,1,1_1,d88296ac-bb0d-47ab-9051-6c358f0af780,NA
7,147974058,147974058,1,snv_mnv,NA,NA,"broad,muse,sanger",3,COSN19312763,NA,LTR81B,FALSE,0.1379,NA,4,25,NA,NA,NA,Intron,FALSE,FALSE,FALSE,FALSE,2,1,1,1_1,d88296ac-bb0d-47ab-9051-6c358f0af780,NA
7,148316600,148316600,1,snv_mnv,NA,NA,"broad,muse,sanger",3,COSN19312755,NA,AluSx,FALSE,0.1471,NA,5,29,NA,NA,NA,IGR,FALSE,FALSE,FALSE,FALSE,2,1,1,1_1,d88296ac-bb0d-47ab-9051-6c358f0af780,C7orf33
7,149454439,149454439,1,snv_mnv,NA,NA,"broad,muse",2,COSN19312805,NA,L1MB3,FALSE,0.1707,NA,7,34,NA,NA,NA,IGR,FALSE,FALSE,FALSE,FALSE,2,1,1,1_1,d88296ac-bb0d-47ab-9051-6c358f0af780,NA
7,157853236,157853236,1,snv_mnv,NA,NA,"broad,dkfz,muse,sanger",4,COSN19312770,NA,MLT1C,FALSE,0.2258,NA,7,24,NA,NA,NA,Intron,FALSE,FALSE,FALSE,FALSE,2,1,1,1_1,d88296ac-bb0d-47ab-9051-6c358f0af780,NA
7,157885480,157885480,1,snv_mnv,NA,NA,"broad,dkfz,muse,sanger",4,COSN19312814,NA,NA,FALSE,0.2,NA,6,24,NA,NA,NA,Intron,FALSE,FALSE,FALSE,FALSE,2,1,1,1_1,d88296ac-bb0d-47ab-9051-6c358f0af780,NA
8,219507,219507,1,snv_mnv,NA,NA,"dkfz,muse,sanger",3,COSN19314053,NA,L4,FALSE,0.1667,NA,6,30,NA,NA,NA,IGR,FALSE,FALSE,FALSE,FALSE,2,1,1,1_1,d88296ac-bb0d-47ab-9051-6c358f0af780,"ZNF596,AC136777.2"
8,3969361,3969361,1,snv_mnv,NA,NA,"dkfz,sanger",2,COSN19313980,NA,L1PA10,FALSE,0.2683,NA,11,30,NA,NA,NA,Intron,FALSE,FALSE,FALSE,FALSE,2,1,1,1_1,d88296ac-bb0d-47ab-9051-6c358f0af780,NA
8,4055813,4055813,1,snv_mnv,NA,NA,"broad,dkfz,sanger",3,COSN19314010,NA,NA,FALSE,0.2308,NA,6,20,NA,NA,NA,Intron,FALSE,FALSE,FALSE,FALSE,2,1,1,1_1,d88296ac-bb0d-47ab-9051-6c358f0af780,NA
8,5019570,5019570,1,snv_mnv,NA,NA,"broad,dkfz,muse,sanger",4,COSN19314046,NA,NA,FALSE,0.5122,NA,21,20,NA,NA,NA,IGR,FALSE,FALSE,FALSE,FALSE,2,1,1,1_1,d88296ac-bb0d-47ab-9051-6c358f0af780,NA
8,5297348,5297348,1,snv_mnv,NA,NA,"broad,dkfz,muse,sanger",4,COSN19314058,NA,HERVH-int,FALSE,0.5455,NA,18,15,NA,NA,NA,IGR,FALSE,FALSE,FALSE,FALSE,2,1,1,1_1,d88296ac-bb0d-47ab-9051-6c358f0af780,NA
8,5589479,5589479,1,snv_mnv,NA,NA,"broad,dkfz,muse,sanger",4,COSN19314022,NA,NA,FALSE,0.1818,NA,6,27,NA,NA,NA,IGR,FALSE,FALSE,FALSE,FALSE,2,1,1,1_1,d88296ac-bb0d-47ab-9051-6c358f0af780,NA
8,9879685,9879685,1,snv_mnv,NA,NA,"broad,dkfz,muse,sanger",4,COSN19314029,NA,AluJo,FALSE,0.4615,NA,18,21,NA,NA,NA,IGR,FALSE,FALSE,FALSE,FALSE,2,1,1,1_1,d88296ac-bb0d-47ab-9051-6c358f0af780,NA
8,10733439,10733439,1,snv_mnv,NA,NA,"dkfz,sanger",2,COSN19314039,rs756531059,NA,FALSE,0.3415,NA,14,27,NA,NA,NA,IGR,FALSE,FALSE,FALSE,FALSE,2,1,1,1_1,d88296ac-bb0d-47ab-9051-6c358f0af780,NA
8,11480845,11480845,1,snv_mnv,NA,NA,"broad,dkfz,muse,sanger",4,COSN19314052,NA,NA,FALSE,0.2353,NA,8,26,NA,NA,NA,IGR,FALSE,FALSE,FALSE,FALSE,2,1,1,1_1,d88296ac-bb0d-47ab-9051-6c358f0af780,NA
8,13357010,13357010,1,snv_mnv,NA,NA,"broad,dkfz,muse,sanger",4,COSM5419580,NA,NA,FALSE,0.5,NA,16,16,NA,NA,NA,Missense_Mutation,FALSE,FALSE,FALSE,FALSE,2,1,1,1_1,d88296ac-bb0d-47ab-9051-6c358f0af780,DLC1
8,13704476,13704476,1,snv_mnv,NA,NA,"broad,dkfz,muse,sanger",4,COSN19314042,NA,NA,FALSE,0.2857,NA,12,30,NA,NA,NA,lincRNA,FALSE,FALSE,FALSE,FALSE,2,1,1,1_1,d88296ac-bb0d-47ab-9051-6c358f0af780,NA
8,13990160,13990160,1,snv_mnv,NA,NA,"broad,dkfz,muse,sanger",4,COSN19313990,NA,L1MB4,FALSE,0.375,NA,12,20,NA,NA,NA,Intron,FALSE,FALSE,FALSE,FALSE,2,1,1,1_1,d88296ac-bb0d-47ab-9051-6c358f0af780,NA
8,14181734,14181734,1,snv_mnv,NA,NA,"broad,dkfz,muse,sanger",4,COSN19314006,NA,NA,FALSE,0.1351,NA,5,32,NA,NA,NA,Intron,FALSE,FALSE,FALSE,FALSE,2,1,1,1_1,d88296ac-bb0d-47ab-9051-6c358f0af780,RNU7-153P
8,14823348,14823348,1,snv_mnv,NA,NA,"broad,dkfz,muse,sanger",4,COSN19313997,NA,NA,FALSE,0.3585,NA,19,34,NA,NA,NA,Intron,FALSE,FALSE,FALSE,FALSE,2,1,1,1_1,d88296ac-bb0d-47ab-9051-6c358f0af780,NA
8,14946554,14946554,1,snv_mnv,NA,NA,"broad,dkfz,muse,sanger",4,COSN19314054,NA,NA,FALSE,0.2381,NA,10,32,NA,NA,NA,Intron,FALSE,FALSE,FALSE,FALSE,2,1,1,1_1,d88296ac-bb0d-47ab-9051-6c358f0af780,NA
8,14975486,14975486,1,snv_mnv,NA,NA,"broad,dkfz,muse,sanger",4,COSN19314030,NA,NA,FALSE,0.1562,NA,5,27,NA,NA,NA,Intron,FALSE,FALSE,FALSE,FALSE,2,1,1,1_1,d88296ac-bb0d-47ab-9051-6c358f0af780,NA
8,15733892,15733892,1,snv_mnv,NA,NA,"broad,dkfz,muse,sanger",4,COSN19313988,NA,L1MC4,FALSE,0.2414,NA,7,22,NA,NA,NA,IGR,FALSE,FALSE,FALSE,FALSE,2,1,1,1_1,d88296ac-bb0d-47ab-9051-6c358f0af780,NA
8,16144142,16144142,1,snv_mnv,5.9904e-4,rs140240224,"broad,dkfz,muse,sanger",4,COSN19314059,rs140240224,NA,FALSE,0.5556,NA,20,16,NA,NA,NA,Intron,FALSE,FALSE,FALSE,FALSE,2,1,1,1_1,d88296ac-bb0d-47ab-9051-6c358f0af780,NA
8,16734265,16734265,1,snv_mnv,NA,NA,"broad,dkfz,muse,sanger",4,COSN19314021,rs745740079,L1PA10,FALSE,0.7143,NA,10,4,NA,NA,NA,lincRNA,FALSE,FALSE,FALSE,FALSE,2,1,1,1_1,d88296ac-bb0d-47ab-9051-6c358f0af780,NA
8,17277594,17277594,1,snv_mnv,NA,NA,"dkfz,sanger",2,COSN19314025,NA,L1MB3,FALSE,0.4103,NA,16,23,NA,NA,NA,IGR,FALSE,FALSE,FALSE,FALSE,2,1,1,1_1,d88296ac-bb0d-47ab-9051-6c358f0af780,NA
8,18223588,18223588,1,snv_mnv,NA,NA,"broad,dkfz,muse,sanger",4,COSN19313983,NA,L1PREC2,FALSE,0.2308,NA,9,30,NA,NA,NA,IGR,FALSE,FALSE,FALSE,FALSE,2,1,1,1_1,d88296ac-bb0d-47ab-9051-6c358f0af780,NATP
8,20374580,20374580,1,snv_mnv,NA,NA,"broad,dkfz,muse,sanger",4,COSN19314014,NA,NA,FALSE,0.1739,NA,4,19,NA,NA,NA,IGR,FALSE,FALSE,FALSE,FALSE,2,1,1,1_1,d88296ac-bb0d-47ab-9051-6c358f0af780,NA
8,20379396,20379396,1,snv_mnv,NA,NA,"broad,dkfz,muse,sanger",4,COSN19313996,NA,MLT1C,FALSE,0.3333,NA,10,20,NA,NA,NA,IGR,FALSE,FALSE,TRUE,FALSE,2,1,1,1_1,d88296ac-bb0d-47ab-9051-6c358f0af780,NA
8,32814362,32814362,1,snv_mnv,NA,NA,"broad,dkfz,muse,sanger",4,COSN19314060,NA,NA,FALSE,0.4643,NA,13,15,NA,NA,NA,IGR,FALSE,FALSE,FALSE,FALSE,2,1,1,1_1,d88296ac-bb0d-47ab-9051-6c358f0af780,NA
8,34402885,34402885,1,snv_mnv,NA,NA,"broad,muse,sanger",3,COSN19314005,NA,L1PA5,FALSE,0.3529,NA,12,22,NA,NA,NA,IGR,FALSE,FALSE,FALSE,FALSE,2,1,1,1_1,d88296ac-bb0d-47ab-9051-6c358f0af780,NA
8,34649091,34649091,1,snv_mnv,NA,NA,"broad,dkfz,muse,sanger",4,COSN19314004,NA,NA,FALSE,0.5357,NA,15,13,NA,NA,NA,lincRNA,FALSE,FALSE,FALSE,FALSE,2,1,1,1_1,d88296ac-bb0d-47ab-9051-6c358f0af780,NA
8,36377747,36377747,1,snv_mnv,NA,NA,"broad,dkfz,muse,sanger",4,COSN19313985,NA,NA,FALSE,0.2414,NA,7,22,NA,NA,NA,IGR,FALSE,FALSE,FALSE,FALSE,2,1,1,1_1,d88296ac-bb0d-47ab-9051-6c358f0af780,NA
8,36678594,36678594,1,snv_mnv,NA,NA,"broad,dkfz,muse,sanger",4,COSN19314016,NA,MLT1H1-int,FALSE,0.6667,NA,20,10,NA,NA,NA,Intron,FALSE,FALSE,FALSE,FALSE,2,1,1,1_1,d88296ac-bb0d-47ab-9051-6c358f0af780,NA
8,37325321,37325321,1,snv_mnv,NA,NA,"broad,dkfz,muse,sanger",4,COSN19313986,NA,NA,FALSE,0.1818,NA,6,27,NA,NA,NA,lincRNA,FALSE,FALSE,FALSE,FALSE,2,1,1,1_1,d88296ac-bb0d-47ab-9051-6c358f0af780,NA
8,39880227,39880227,1,snv_mnv,NA,NA,"broad,muse,sanger",3,COSN19314026,NA,L1P2,FALSE,0.0714,NA,1,13,NA,NA,NA,IGR,FALSE,FALSE,FALSE,FALSE,2,1,1,1_1,d88296ac-bb0d-47ab-9051-6c358f0af780,NA
8,47737161,47737161,1,snv_mnv,NA,NA,"broad,muse,sanger",3,COSN19314051,NA,BSR/Beta,FALSE,0.1951,NA,8,33,NA,NA,NA,IGR,FALSE,FALSE,FALSE,FALSE,2,1,1,1_1,d88296ac-bb0d-47ab-9051-6c358f0af780,"MTND2P38,MTND1P7"
8,50025117,50025117,1,snv_mnv,NA,NA,"broad,muse,sanger",3,COSN19313992,NA,LTR86A1,FALSE,0.1852,NA,5,22,NA,NA,NA,IGR,FALSE,FALSE,FALSE,FALSE,2,1,1,1_1,d88296ac-bb0d-47ab-9051-6c358f0af780,NA
8,50191279,50191279,1,snv_mnv,NA,NA,"dkfz,sanger",2,COSN19313994,NA,Tigger1,FALSE,0.4375,NA,14,18,NA,NA,NA,IGR,FALSE,FALSE,FALSE,FALSE,2,1,1,1_1,d88296ac-bb0d-47ab-9051-6c358f0af780,NA
8,50219921,50219921,1,snv_mnv,NA,NA,"broad,muse,sanger",3,COSN19314045,NA,LTR12D,FALSE,0.303,NA,10,23,NA,NA,NA,IGR,FALSE,FALSE,FALSE,FALSE,2,1,1,1_1,d88296ac-bb0d-47ab-9051-6c358f0af780,NA
8,56131463,56131463,1,snv_mnv,NA,NA,"broad,dkfz,muse,sanger",4,COSN19314011,NA,NA,FALSE,0.5417,NA,13,11,NA,NA,NA,Intron,FALSE,FALSE,FALSE,FALSE,2,1,1,1_1,d88296ac-bb0d-47ab-9051-6c358f0af780,NA
8,60395232,60395232,1,snv_mnv,NA,NA,"broad,dkfz,muse,sanger",4,COSN19314018,NA,L1MA2,FALSE,0.1765,NA,6,28,NA,NA,NA,IGR,FALSE,FALSE,FALSE,FALSE,2,1,1,1_1,d88296ac-bb0d-47ab-9051-6c358f0af780,NA
8,69558863,69558863,1,snv_mnv,NA,NA,"broad,dkfz,muse,sanger",4,COSN19314012,NA,L1MA7,FALSE,0.2286,NA,8,27,NA,NA,NA,Intron,FALSE,FALSE,FALSE,FALSE,2,1,1,1_1,d88296ac-bb0d-47ab-9051-6c358f0af780,NA
8,70287169,70287169,1,snv_mnv,NA,NA,"broad,dkfz,muse,sanger",4,COSN19314001,NA,AluSc8,FALSE,0.2692,NA,7,19,NA,NA,NA,IGR,FALSE,FALSE,FALSE,FALSE,2,1,1,1_1,d88296ac-bb0d-47ab-9051-6c358f0af780,NA
8,73092308,73092308,1,snv_mnv,NA,NA,"broad,dkfz,muse,sanger",4,COSN19314044,NA,NA,FALSE,0.5789,NA,22,16,NA,NA,NA,IGR,FALSE,FALSE,FALSE,FALSE,2,1,1,1_1,d88296ac-bb0d-47ab-9051-6c358f0af780,NA
8,75171708,75171708,1,snv_mnv,1.9968e-4,rs547466991,"broad,dkfz,muse,sanger",4,COSM2875622,rs547466991,NA,FALSE,0.1667,NA,5,25,NA,NA,NA,Silent,FALSE,FALSE,FALSE,FALSE,2,1,1,1_1,d88296ac-bb0d-47ab-9051-6c358f0af780,NA
8,75815596,75815596,1,snv_mnv,NA,NA,"broad,dkfz,muse,sanger",4,COSN19313987,NA,MER41-int,FALSE,0.4894,NA,23,24,NA,NA,NA,IGR,FALSE,FALSE,TRUE,FALSE,2,1,1,1_1,d88296ac-bb0d-47ab-9051-6c358f0af780,NA
8,77166691,77166691,1,snv_mnv,NA,NA,"broad,dkfz,muse,sanger",4,COSN19314061,NA,L1MA4A,FALSE,0.6286,NA,22,13,NA,NA,NA,IGR,FALSE,FALSE,FALSE,FALSE,2,1,1,1_1,d88296ac-bb0d-47ab-9051-6c358f0af780,NA
8,77704919,77704919,1,snv_mnv,NA,NA,"broad,dkfz,muse,sanger",4,COSN19314024,NA,NA,FALSE,0.1702,NA,8,39,NA,NA,NA,Intron,FALSE,FALSE,FALSE,FALSE,2,1,1,1_1,d88296ac-bb0d-47ab-9051-6c358f0af780,NA
8,78233837,78233837,1,snv_mnv,NA,NA,"broad,dkfz,muse,sanger",4,COSN19314008,NA,NA,FALSE,0.2308,NA,12,40,NA,NA,NA,IGR,FALSE,FALSE,FALSE,FALSE,2,1,1,1_1,d88296ac-bb0d-47ab-9051-6c358f0af780,NA
8,78553104,78553104,1,snv_mnv,NA,NA,"broad,dkfz,muse,sanger",4,COSN19314047,NA,NA,FALSE,0.6,NA,21,14,NA,NA,NA,IGR,FALSE,FALSE,FALSE,FALSE,2,1,1,1_1,d88296ac-bb0d-47ab-9051-6c358f0af780,NA
8,79928785,79928785,1,snv_mnv,NA,NA,"broad,muse",2,COSN6519205,NA,L1MA2,FALSE,0.1304,NA,3,20,NA,NA,NA,IGR,FALSE,FALSE,FALSE,FALSE,2,1,1,1_1,d88296ac-bb0d-47ab-9051-6c358f0af780,NA
8,83162588,83162588,1,snv_mnv,NA,NA,"broad,dkfz,muse,sanger",4,COSN19314028,NA,LTR16A,FALSE,0.439,NA,18,23,NA,NA,NA,IGR,FALSE,FALSE,FALSE,FALSE,2,1,1,1_1,d88296ac-bb0d-47ab-9051-6c358f0af780,NA
8,84514955,84514955,1,snv_mnv,NA,NA,"broad,dkfz,muse,sanger",4,COSN19314023,NA,L1PA6,FALSE,0.4444,NA,16,20,NA,NA,NA,IGR,FALSE,FALSE,FALSE,FALSE,2,1,1,1_1,d88296ac-bb0d-47ab-9051-6c358f0af780,NA
8,85901269,85901269,1,snv_mnv,NA,NA,"broad,dkfz,muse,sanger",4,COSN19314035,NA,NA,FALSE,0.1667,NA,6,30,NA,NA,NA,IGR,FALSE,FALSE,FALSE,FALSE,2,1,1,1_1,d88296ac-bb0d-47ab-9051-6c358f0af780,NA
8,88743172,88743172,1,snv_mnv,NA,NA,"broad,dkfz,muse,sanger",4,COSN19314043,NA,L2,FALSE,0.2439,NA,10,31,NA,NA,NA,RNA,FALSE,FALSE,FALSE,FALSE,2,1,1,1_1,d88296ac-bb0d-47ab-9051-6c358f0af780,NA
8,90372230,90372230,1,snv_mnv,NA,NA,"broad,dkfz,muse,sanger",4,COSN19314017,NA,NA,FALSE,0.1429,NA,5,30,NA,NA,NA,IGR,FALSE,FALSE,FALSE,FALSE,2,1,1,1_1,d88296ac-bb0d-47ab-9051-6c358f0af780,NA
8,91856284,91856284,1,snv_mnv,NA,NA,"broad,dkfz,muse,sanger",4,COSN19313981,NA,MamGypLTR1c,FALSE,0.3714,NA,13,22,NA,NA,NA,Intron,FALSE,FALSE,FALSE,FALSE,2,1,1,1_1,d88296ac-bb0d-47ab-9051-6c358f0af780,NA
8,92415233,92415233,1,snv_mnv,NA,NA,"broad,dkfz,muse,sanger",4,COSN19314048,NA,NA,FALSE,0.5862,NA,17,12,NA,NA,NA,IGR,FALSE,FALSE,FALSE,FALSE,2,1,1,1_1,d88296ac-bb0d-47ab-9051-6c358f0af780,SLC26A7
8,93722940,93722940,1,snv_mnv,NA,NA,"broad,muse,sanger",3,COSN19314064,NA,AluSc5,FALSE,0.1622,NA,6,31,NA,NA,NA,RNA,FALSE,FALSE,FALSE,FALSE,2,1,1,1_1,d88296ac-bb0d-47ab-9051-6c358f0af780,AC104211.1
8,93867447,93867447,1,snv_mnv,NA,NA,"broad,dkfz,muse,sanger",4,COSN19314037,NA,NA,FALSE,0.4667,NA,14,16,NA,NA,NA,RNA,FALSE,FALSE,FALSE,FALSE,2,1,1,1_1,d88296ac-bb0d-47ab-9051-6c358f0af780,NA
8,94099849,94099849,1,snv_mnv,NA,NA,"broad,dkfz,muse,sanger",4,COSN19314009,NA,NA,FALSE,0.2609,NA,12,34,NA,NA,NA,IGR,FALSE,FALSE,FALSE,FALSE,2,1,1,1_1,d88296ac-bb0d-47ab-9051-6c358f0af780,NA
8,96584383,96584383,1,snv_mnv,NA,NA,"broad,dkfz,muse,sanger",4,COSN19314063,NA,L1MA8,FALSE,0.3889,NA,14,22,NA,NA,NA,lincRNA,FALSE,FALSE,FALSE,FALSE,2,1,1,1_1,d88296ac-bb0d-47ab-9051-6c358f0af780,NA
8,97353343,97353343,1,snv_mnv,NA,NA,"broad,dkfz,muse,sanger",4,COSN19314036,NA,L1PB4,FALSE,0.1935,NA,6,25,NA,NA,NA,IGR,FALSE,FALSE,FALSE,FALSE,2,1,1,1_1,d88296ac-bb0d-47ab-9051-6c358f0af780,PTDSS1
8,106068049,106068049,1,snv_mnv,NA,NA,"broad,dkfz,muse,sanger",4,COSN19314062,NA,L1P4,FALSE,0.4286,NA,15,20,NA,NA,NA,IGR,FALSE,FALSE,FALSE,FALSE,2,1,1,1_1,d88296ac-bb0d-47ab-9051-6c358f0af780,NA
8,106247861,106247861,1,snv_mnv,NA,NA,"broad,muse,sanger",3,COSN19314038,NA,L1MDa,FALSE,0.1842,NA,7,31,NA,NA,NA,IGR,FALSE,FALSE,FALSE,FALSE,2,1,1,1_1,d88296ac-bb0d-47ab-9051-6c358f0af780,NA
8,108128502,108128502,1,snv_mnv,NA,NA,"broad,dkfz,muse,sanger",4,COSN19314065,NA,NA,FALSE,0.4222,NA,19,26,NA,NA,NA,IGR,FALSE,FALSE,FALSE,FALSE,2,1,1,1_1,d88296ac-bb0d-47ab-9051-6c358f0af780,NA
8,108874286,108874286,1,snv_mnv,NA,NA,"broad,dkfz,muse,sanger",4,COSN19314013,NA,L1PB1,FALSE,0.4359,NA,17,22,NA,NA,NA,IGR,FALSE,FALSE,FALSE,FALSE,2,1,1,1_1,d88296ac-bb0d-47ab-9051-6c358f0af780,NA
8,111493658,111493658,1,snv_mnv,NA,NA,"broad,muse,sanger",3,COSN19314027,NA,NA,FALSE,0.1333,NA,4,26,NA,NA,NA,IGR,FALSE,FALSE,FALSE,FALSE,2,1,1,1_1,d88296ac-bb0d-47ab-9051-6c358f0af780,NA
8,111841515,111841515,1,snv_mnv,NA,NA,"broad,dkfz,muse,sanger",4,COSN19314000,NA,NA,FALSE,0.2368,NA,9,29,NA,NA,NA,IGR,FALSE,FALSE,TRUE,FALSE,2,1,1,1_1,d88296ac-bb0d-47ab-9051-6c358f0af780,NA
8,112059690,112059690,1,snv_mnv,NA,NA,"broad,dkfz,muse,sanger",4,COSN19313984,NA,L1MA4A,FALSE,0.4,NA,12,18,NA,NA,NA,IGR,FALSE,FALSE,FALSE,FALSE,2,1,1,1_1,d88296ac-bb0d-47ab-9051-6c358f0af780,NA
8,117616177,117616177,1,snv_mnv,NA,NA,"broad,dkfz,muse,sanger",4,COSN19313995,NA,L2c,FALSE,0.3077,NA,8,18,NA,NA,NA,IGR,FALSE,FALSE,FALSE,FALSE,2,1,1,1_1,d88296ac-bb0d-47ab-9051-6c358f0af780,NA
8,118968702,118968702,1,snv_mnv,NA,NA,"broad,dkfz,muse,sanger",4,COSN16044053,NA,AluSx,FALSE,0.3529,NA,12,22,NA,NA,NA,Intron,FALSE,FALSE,TRUE,FALSE,2,1,1,1_1,d88296ac-bb0d-47ab-9051-6c358f0af780,NA
8,121800984,121800984,1,snv_mnv,NA,NA,"broad,dkfz,muse,sanger",4,COSN19314041,NA,L1PB3,FALSE,0.2553,NA,12,35,NA,NA,NA,Intron,FALSE,FALSE,FALSE,FALSE,2,1,1,1_1,d88296ac-bb0d-47ab-9051-6c358f0af780,NA
8,122784207,122784207,1,snv_mnv,NA,NA,"dkfz,sanger",2,COSN19313991,NA,NA,FALSE,0.4737,NA,18,20,NA,NA,NA,IGR,FALSE,FALSE,FALSE,FALSE,2,1,1,1_1,d88296ac-bb0d-47ab-9051-6c358f0af780,NA
8,127667936,127667936,1,snv_mnv,NA,NA,"muse,sanger",2,COSN19314050,NA,L2,FALSE,0.2051,NA,8,31,NA,NA,NA,RNA,FALSE,FALSE,FALSE,FALSE,2,1,1,1_1,d88296ac-bb0d-47ab-9051-6c358f0af780,NA
8,136770697,136770697,1,snv_mnv,NA,NA,"broad,dkfz,muse,sanger",4,COSN19313998,NA,MLT1F-int,FALSE,0.2368,NA,9,29,NA,NA,NA,IGR,FALSE,FALSE,FALSE,FALSE,2,1,1,1_1,d88296ac-bb0d-47ab-9051-6c358f0af780,NA
8,137353586,137353586,1,snv_mnv,NA,NA,"broad,dkfz,muse,sanger",4,COSN19314040,NA,L1ME2,FALSE,0.4211,NA,16,22,NA,NA,NA,IGR,FALSE,FALSE,FALSE,FALSE,2,1,1,1_1,d88296ac-bb0d-47ab-9051-6c358f0af780,NA
8,137520748,137520748,1,snv_mnv,NA,NA,"broad,dkfz,muse,sanger",4,COSN19314033,NA,L1ME1,FALSE,0.2333,NA,7,23,NA,NA,NA,lincRNA,FALSE,FALSE,TRUE,FALSE,2,1,1,1_1,d88296ac-bb0d-47ab-9051-6c358f0af780,NA
8,137823170,137823170,1,snv_mnv,NA,NA,"broad,dkfz,muse,sanger",4,COSN19314055,NA,L2c,FALSE,0.4444,NA,20,25,NA,NA,NA,lincRNA,FALSE,FALSE,FALSE,FALSE,2,1,1,1_1,d88296ac-bb0d-47ab-9051-6c358f0af780,LINC02055
8,137942517,137942517,1,snv_mnv,NA,NA,"broad,muse,sanger",3,COSN19313982,NA,LTR8,FALSE,0.2424,NA,8,25,NA,NA,NA,IGR,FALSE,FALSE,FALSE,FALSE,2,1,1,1_1,d88296ac-bb0d-47ab-9051-6c358f0af780,NA
8,138304251,138304251,1,snv_mnv,NA,NA,"broad,muse",2,COSN19314015,NA,L2a,FALSE,0.1224,NA,6,43,NA,NA,NA,IGR,FALSE,FALSE,FALSE,FALSE,2,1,1,1_1,d88296ac-bb0d-47ab-9051-6c358f0af780,NA
8,138606702,138606702,1,snv_mnv,NA,NA,"broad,dkfz,muse,sanger",4,COSN19314034,NA,NA,FALSE,0.4359,NA,17,22,NA,NA,NA,IGR,FALSE,FALSE,FALSE,FALSE,2,1,1,1_1,d88296ac-bb0d-47ab-9051-6c358f0af780,NA
8,139475138,139475138,1,snv_mnv,NA,NA,"broad,dkfz,muse,sanger",4,COSN19314057,NA,NA,FALSE,0.25,NA,10,30,NA,NA,NA,Intron,FALSE,FALSE,FALSE,FALSE,2,1,1,1_1,d88296ac-bb0d-47ab-9051-6c358f0af780,FAM135B
8,139750986,139750986,1,snv_mnv,NA,NA,"broad,dkfz,muse,sanger",4,COSN19314019,NA,NA,FALSE,0.2432,NA,9,28,NA,NA,NA,Intron,FALSE,FALSE,FALSE,FALSE,2,1,1,1_1,d88296ac-bb0d-47ab-9051-6c358f0af780,NA
8,140029376,140029376,1,snv_mnv,NA,NA,"broad,dkfz,muse,sanger",4,COSN19313993,NA,MER33,FALSE,0.1892,NA,7,30,NA,NA,NA,IGR,FALSE,FALSE,FALSE,FALSE,2,1,1,1_1,d88296ac-bb0d-47ab-9051-6c358f0af780,NA
8,140055602,140055602,1,snv_mnv,NA,NA,"broad,dkfz,muse,sanger",4,COSN19313989,NA,NA,FALSE,0.4848,NA,16,17,NA,NA,NA,IGR,FALSE,FALSE,FALSE,FALSE,2,1,1,1_1,d88296ac-bb0d-47ab-9051-6c358f0af780,NA
8,140281458,140281458,1,snv_mnv,NA,NA,"broad,dkfz,muse,sanger",4,COSN19314049,NA,HERV16-int,FALSE,0.3929,NA,11,17,NA,NA,NA,IGR,FALSE,FALSE,FALSE,FALSE,2,1,1,1_1,d88296ac-bb0d-47ab-9051-6c358f0af780,NA
8,140909041,140909041,1,snv_mnv,NA,NA,"broad,dkfz,muse,sanger",4,COSN19314056,NA,NA,FALSE,0.68,NA,17,8,NA,NA,NA,Intron,FALSE,FALSE,FALSE,FALSE,2,1,1,1_1,d88296ac-bb0d-47ab-9051-6c358f0af780,NA
8,142511468,142511468,1,snv_mnv,NA,NA,"broad,dkfz,muse,sanger",4,COSN19314031,NA,L1ME1,FALSE,0.3333,NA,14,28,NA,NA,NA,RNA,FALSE,FALSE,FALSE,FALSE,2,1,1,1_1,d88296ac-bb0d-47ab-9051-6c358f0af780,MROH5
9,6113774,6113774,1,snv_mnv,NA,NA,"broad,dkfz,muse,sanger",4,COSN19313743,NA,NA,FALSE,0.1852,NA,5,22,NA,NA,NA,IGR,FALSE,FALSE,FALSE,FALSE,2,1,1,1_1,d88296ac-bb0d-47ab-9051-6c358f0af780,NA
9,10667879,10667879,1,snv_mnv,NA,NA,"broad,muse,sanger",3,COSN19313706,NA,AluJo,FALSE,0.2,NA,6,24,NA,NA,NA,IGR,FALSE,FALSE,FALSE,FALSE,2,1,1,1_1,d88296ac-bb0d-47ab-9051-6c358f0af780,NA
9,11563217,11563217,1,snv_mnv,NA,NA,"broad,dkfz,muse,sanger",4,COSN19313697,NA,NA,FALSE,0.3448,NA,10,19,NA,NA,NA,IGR,FALSE,FALSE,TRUE,FALSE,2,1,1,1_1,d88296ac-bb0d-47ab-9051-6c358f0af780,NA
9,11610589,11610589,1,snv_mnv,NA,NA,"broad,dkfz,muse,sanger",4,COSN19313708,NA,MLT1J2-int,FALSE,0.175,NA,7,33,NA,NA,NA,IGR,FALSE,FALSE,FALSE,FALSE,2,1,1,1_1,d88296ac-bb0d-47ab-9051-6c358f0af780,NA
9,11964621,11964621,1,snv_mnv,NA,NA,"broad,dkfz,sanger",3,COSN19313713,NA,L1MDb,FALSE,0.1463,NA,6,35,NA,NA,NA,IGR,FALSE,FALSE,FALSE,FALSE,2,1,1,1_1,d88296ac-bb0d-47ab-9051-6c358f0af780,NA
9,12958537,12958537,1,snv_mnv,NA,NA,"broad,dkfz,muse,sanger",4,COSN19313717,NA,LTR77,FALSE,0.4,NA,8,12,NA,NA,NA,IGR,FALSE,FALSE,FALSE,FALSE,2,1,1,1_1,d88296ac-bb0d-47ab-9051-6c358f0af780,NA
9,14065019,14065019,1,snv_mnv,NA,NA,"broad,dkfz,muse,sanger",4,COSN19313684,NA,NA,FALSE,0.2333,NA,7,23,NA,NA,NA,IGR,FALSE,FALSE,FALSE,FALSE,2,1,1,1_1,d88296ac-bb0d-47ab-9051-6c358f0af780,ATP5PDP3
9,15910728,15910728,1,snv_mnv,NA,NA,"broad,dkfz,muse,sanger",4,COSN19313694,NA,L1PA7,FALSE,0.4815,NA,13,14,NA,NA,NA,Intron,FALSE,FALSE,FALSE,FALSE,2,1,1,1_1,d88296ac-bb0d-47ab-9051-6c358f0af780,NA
9,17191224,17191224,1,snv_mnv,NA,NA,"broad,dkfz,muse,sanger",4,COSN19313739,NA,MER119,FALSE,0.2581,NA,8,23,NA,NA,NA,Intron,FALSE,FALSE,FALSE,FALSE,2,1,1,1_1,d88296ac-bb0d-47ab-9051-6c358f0af780,NA
9,19691764,19691764,1,snv_mnv,NA,NA,"broad,muse,sanger",3,COSN19313714,NA,MER113A,FALSE,0.1389,NA,5,31,NA,NA,NA,Intron,FALSE,FALSE,FALSE,FALSE,2,1,1,1_1,d88296ac-bb0d-47ab-9051-6c358f0af780,NA
9,19691772,19691772,1,snv_mnv,NA,NA,"broad,muse,sanger",3,COSN19313740,NA,MER113A,FALSE,0.1282,NA,5,34,NA,NA,NA,Intron,FALSE,FALSE,FALSE,FALSE,2,1,1,1_1,d88296ac-bb0d-47ab-9051-6c358f0af780,NA
9,19897911,19897911,1,snv_mnv,NA,NA,"dkfz,muse",2,COSN19313693,NA,NA,FALSE,0.2353,NA,8,26,NA,NA,NA,IGR,FALSE,FALSE,FALSE,FALSE,2,1,1,1_1,d88296ac-bb0d-47ab-9051-6c358f0af780,AL158077.1
9,23208589,23208589,1,snv_mnv,NA,NA,"broad,dkfz,muse,sanger",4,COSN19313737,NA,L2a,FALSE,0.6562,NA,21,11,NA,NA,NA,IGR,FALSE,FALSE,FALSE,FALSE,2,1,1,1_1,d88296ac-bb0d-47ab-9051-6c358f0af780,NA
9,23409143,23409143,1,snv_mnv,NA,NA,"broad,dkfz,muse,sanger",4,COSN19313695,NA,MLT2B3,FALSE,0.2258,NA,7,24,NA,NA,NA,IGR,FALSE,FALSE,FALSE,FALSE,2,1,1,1_1,d88296ac-bb0d-47ab-9051-6c358f0af780,NA
9,24569052,24569052,1,snv_mnv,NA,NA,"broad,muse,sanger",3,COSN19313682,NA,L1ME2,FALSE,0.1667,NA,5,25,NA,NA,NA,lincRNA,FALSE,FALSE,FALSE,FALSE,2,1,1,1_1,d88296ac-bb0d-47ab-9051-6c358f0af780,NA
9,24632743,24632743,1,snv_mnv,NA,NA,"broad,dkfz,muse,sanger",4,COSN19313710,NA,L1M3a,FALSE,0.1538,NA,8,44,NA,NA,NA,IGR,FALSE,FALSE,TRUE,FALSE,2,1,1,1_1,d88296ac-bb0d-47ab-9051-6c358f0af780,NA
9,24986070,24986070,1,snv_mnv,NA,NA,"broad,dkfz,muse,sanger",4,COSN19313728,NA,MIRb,FALSE,0.1538,NA,6,33,NA,NA,NA,IGR,FALSE,FALSE,FALSE,FALSE,2,1,1,1_1,d88296ac-bb0d-47ab-9051-6c358f0af780,NA
9,25526838,25526838,1,snv_mnv,NA,NA,"broad,dkfz,muse,sanger",4,COSN19313689,NA,L1PA13,FALSE,0.4651,NA,20,23,NA,NA,NA,IGR,FALSE,FALSE,FALSE,FALSE,2,1,1,1_1,d88296ac-bb0d-47ab-9051-6c358f0af780,NA
9,25548713,25548713,1,snv_mnv,NA,NA,"broad,dkfz,muse,sanger",4,COSN19313722,NA,NA,FALSE,0.2632,NA,10,28,NA,NA,NA,IGR,FALSE,FALSE,FALSE,FALSE,2,1,1,1_1,d88296ac-bb0d-47ab-9051-6c358f0af780,NA
9,26953079,26953079,1,snv_mnv,NA,NA,"broad,dkfz,muse,sanger",4,COSN19313738,NA,NA,FALSE,0.1935,NA,6,25,NA,NA,NA,Intron,FALSE,FALSE,TRUE,FALSE,2,1,1,1_1,d88296ac-bb0d-47ab-9051-6c358f0af780,"IFT74,IFT74-AS1"
9,27660929,27660929,1,snv_mnv,NA,NA,"broad,dkfz,muse,sanger",4,COSN19313748,NA,NA,FALSE,0.1795,NA,7,32,NA,NA,NA,IGR,FALSE,FALSE,TRUE,FALSE,2,1,1,1_1,d88296ac-bb0d-47ab-9051-6c358f0af780,NA
9,28787061,28787061,1,snv_mnv,NA,NA,"broad,dkfz,muse,sanger",4,COSN19313726,NA,NA,FALSE,0.3871,NA,12,19,NA,NA,NA,IGR,FALSE,FALSE,TRUE,FALSE,2,1,1,1_1,d88296ac-bb0d-47ab-9051-6c358f0af780,NA
9,28813716,28813716,1,snv_mnv,NA,NA,"broad,dkfz,muse,sanger",4,COSN19313730,NA,L2a,FALSE,0.5122,NA,21,20,NA,NA,NA,IGR,FALSE,FALSE,FALSE,FALSE,2,1,1,1_1,d88296ac-bb0d-47ab-9051-6c358f0af780,NA
9,30317142,30317142,1,snv_mnv,NA,NA,"broad,dkfz,muse,sanger",4,COSN19313696,NA,Tigger3,FALSE,0.5789,NA,22,16,NA,NA,NA,IGR,FALSE,FALSE,FALSE,FALSE,2,1,1,1_1,d88296ac-bb0d-47ab-9051-6c358f0af780,NA
9,30983403,30983403,1,snv_mnv,NA,NA,"broad,muse,sanger",3,COSN19313741,NA,L1PA14,FALSE,0.2895,NA,11,27,NA,NA,NA,IGR,FALSE,FALSE,FALSE,FALSE,2,1,1,1_1,d88296ac-bb0d-47ab-9051-6c358f0af780,HSPA8P17
9,31019225,31019225,1,snv_mnv,NA,NA,"broad,muse,sanger",3,COSN19313720,NA,L2,FALSE,0.3846,NA,5,8,NA,NA,NA,IGR,FALSE,FALSE,FALSE,FALSE,2,1,1,1_1,d88296ac-bb0d-47ab-9051-6c358f0af780,NA
9,34052518,34052518,1,snv_mnv,NA,NA,"broad,dkfz,muse,sanger",4,COSN19313744,NA,AluSp,FALSE,0.4828,NA,14,15,NA,NA,NA,RNA,FALSE,FALSE,FALSE,FALSE,2,1,1,1_1,d88296ac-bb0d-47ab-9051-6c358f0af780,"UBAP2,RN7SKP114"
9,74395559,74395559,1,snv_mnv,NA,NA,"broad,dkfz,muse,sanger",4,COSN19313691,NA,NA,FALSE,0.25,NA,7,21,NA,NA,NA,IGR,FALSE,FALSE,FALSE,FALSE,2,1,1,1_1,d88296ac-bb0d-47ab-9051-6c358f0af780,NA
9,74900548,74900548,1,snv_mnv,NA,NA,"broad,muse",2,COSN19313727,NA,AluSx1,FALSE,0.1739,NA,4,19,NA,NA,NA,IGR,FALSE,FALSE,FALSE,FALSE,2,1,1,1_1,d88296ac-bb0d-47ab-9051-6c358f0af780,NA
9,75102220,75102220,1,snv_mnv,NA,NA,"broad,dkfz,muse,sanger",4,COSN19313747,NA,HERVL-int,FALSE,0.5417,NA,13,11,NA,NA,NA,IGR,FALSE,FALSE,FALSE,FALSE,2,1,1,1_1,d88296ac-bb0d-47ab-9051-6c358f0af780,NA
9,76682541,76682541,1,snv_mnv,NA,NA,"broad,dkfz,muse,sanger",4,COSN19313698,NA,L2,FALSE,0.5517,NA,16,13,NA,NA,NA,IGR,FALSE,FALSE,FALSE,FALSE,2,1,1,1_1,d88296ac-bb0d-47ab-9051-6c358f0af780,NA
9,78560517,78560517,1,snv_mnv,NA,NA,"broad,dkfz,muse,sanger",4,COSN19313750,NA,L2a,FALSE,0.1364,NA,6,38,NA,NA,NA,Intron,FALSE,FALSE,FALSE,FALSE,2,1,1,1_1,d88296ac-bb0d-47ab-9051-6c358f0af780,NA
9,81211534,81211534,1,snv_mnv,NA,NA,"broad,dkfz,muse,sanger",4,COSN19313704,NA,L2,FALSE,0.5161,NA,16,15,NA,NA,NA,IGR,FALSE,FALSE,FALSE,FALSE,2,1,1,1_1,d88296ac-bb0d-47ab-9051-6c358f0af780,NA
9,82170376,82170376,1,snv_mnv,NA,NA,"broad,dkfz,muse,sanger",4,COSN19313703,NA,NA,FALSE,0.2903,NA,9,22,NA,NA,NA,IGR,FALSE,FALSE,FALSE,FALSE,2,1,1,1_1,d88296ac-bb0d-47ab-9051-6c358f0af780,NA
9,82944918,82944918,1,snv_mnv,NA,NA,"broad,dkfz,muse,sanger",4,COSN19313686,rs765716629,AluSz,FALSE,0.3462,NA,9,17,NA,NA,NA,IGR,FALSE,FALSE,FALSE,FALSE,2,1,1,1_1,d88296ac-bb0d-47ab-9051-6c358f0af780,NA
9,85827203,85827203,1,snv_mnv,NA,NA,"broad,dkfz,muse,sanger",4,COSN19313709,NA,NA,FALSE,0.6129,NA,19,12,NA,NA,NA,IGR,FALSE,FALSE,FALSE,FALSE,2,1,1,1_1,d88296ac-bb0d-47ab-9051-6c358f0af780,NA
9,85991465,85991465,1,snv_mnv,NA,NA,"broad,muse,sanger",3,COSN19313683,NA,MER119,FALSE,0.2083,NA,5,19,NA,NA,NA,Intron,FALSE,FALSE,FALSE,FALSE,2,1,1,1_1,d88296ac-bb0d-47ab-9051-6c358f0af780,NA
9,87601293,87601293,1,snv_mnv,NA,NA,"broad,muse,sanger",3,COSN19313719,NA,MER1B,FALSE,0.2083,NA,5,19,NA,NA,NA,Intron,FALSE,FALSE,FALSE,FALSE,2,1,1,1_1,d88296ac-bb0d-47ab-9051-6c358f0af780,NA
9,94781842,94781842,1,snv_mnv,NA,NA,"broad,dkfz,muse",3,COSN19313685,NA,NA,FALSE,0.2143,NA,6,22,NA,NA,NA,IGR,FALSE,FALSE,FALSE,FALSE,2,1,1,1_1,d88296ac-bb0d-47ab-9051-6c358f0af780,NA
9,94956467,94956467,1,snv_mnv,NA,NA,"broad,dkfz,muse,sanger",4,COSN19313725,NA,AluSg4,FALSE,0.2941,NA,10,24,NA,NA,NA,IGR,FALSE,FALSE,FALSE,FALSE,2,1,1,1_1,d88296ac-bb0d-47ab-9051-6c358f0af780,NA
9,99197899,99197899,1,snv_mnv,NA,NA,"broad,dkfz,muse,sanger",4,COSN19313688,NA,NA,FALSE,0.2963,NA,8,19,NA,NA,NA,IGR,FALSE,FALSE,FALSE,FALSE,2,1,1,1_1,d88296ac-bb0d-47ab-9051-6c358f0af780,NA
9,104013387,104013387,1,snv_mnv,NA,NA,"broad,dkfz,muse,sanger",4,COSN19313732,NA,L2a,FALSE,0.1429,NA,6,36,NA,NA,NA,Intron,FALSE,FALSE,FALSE,FALSE,2,1,1,1_1,d88296ac-bb0d-47ab-9051-6c358f0af780,NA
9,106123049,106123049,1,snv_mnv,NA,NA,"broad,dkfz,muse,sanger",4,COSN19313735,NA,NA,FALSE,0.5676,NA,21,16,NA,NA,NA,lincRNA,FALSE,FALSE,FALSE,FALSE,2,1,1,1_1,d88296ac-bb0d-47ab-9051-6c358f0af780,AL390962.1
9,106741989,106741989,1,snv_mnv,NA,NA,"broad,dkfz,muse,sanger",4,COSN19313749,NA,ERV3-16A3_I-int,FALSE,0.28,NA,7,18,NA,NA,NA,IGR,FALSE,FALSE,FALSE,FALSE,2,1,1,1_1,d88296ac-bb0d-47ab-9051-6c358f0af780,NA
9,110036693,110036693,1,snv_mnv,NA,NA,"broad,muse,sanger",3,COSN19313702,NA,AluJr4,FALSE,0.1471,NA,5,29,NA,NA,NA,IGR,FALSE,FALSE,FALSE,FALSE,2,1,1,1_1,d88296ac-bb0d-47ab-9051-6c358f0af780,NA
9,113111670,113111670,1,snv_mnv,NA,NA,"broad,muse,sanger",3,COSN19313716,NA,AluJb,FALSE,0.2083,NA,5,19,NA,NA,NA,IGR,FALSE,FALSE,FALSE,FALSE,2,1,1,1_1,d88296ac-bb0d-47ab-9051-6c358f0af780,NA
9,113645719,113645719,1,snv_mnv,NA,NA,"broad,dkfz,muse,sanger",4,COSN18255692,NA,L1MEe,FALSE,0.5238,NA,22,20,NA,NA,NA,Intron,FALSE,FALSE,TRUE,FALSE,2,1,1,1_1,d88296ac-bb0d-47ab-9051-6c358f0af780,NA
9,117576613,117576613,1,snv_mnv,NA,NA,"broad,dkfz,muse",3,COSN19313734,NA,(CAGAGA)n,FALSE,0.2308,NA,9,30,NA,NA,NA,IGR,FALSE,FALSE,FALSE,FALSE,2,1,1,1_1,d88296ac-bb0d-47ab-9051-6c358f0af780,NA
9,118630426,118630426,1,snv_mnv,NA,NA,"broad,muse,sanger",3,COSN19313707,NA,MIRb,FALSE,0.1714,NA,6,29,NA,NA,NA,IGR,FALSE,FALSE,TRUE,FALSE,2,1,1,1_1,d88296ac-bb0d-47ab-9051-6c358f0af780,NA
9,120786009,120786009,1,snv_mnv,NA,NA,"broad,dkfz,muse,sanger",4,COSN19313742,NA,NA,FALSE,0.3103,NA,9,20,NA,NA,NA,IGR,FALSE,FALSE,FALSE,FALSE,2,1,1,1_1,d88296ac-bb0d-47ab-9051-6c358f0af780,NA
9,123839095,123839095,1,snv_mnv,NA,NA,"broad,dkfz,muse,sanger",4,COSN19313690,NA,NA,FALSE,0.1818,NA,4,18,NA,NA,NA,Intron,FALSE,FALSE,FALSE,FALSE,2,1,1,1_1,d88296ac-bb0d-47ab-9051-6c358f0af780,NA
9,124442813,124442813,1,snv_mnv,NA,NA,"broad,dkfz,muse,sanger",4,COSN19313746,NA,NA,FALSE,0.65,NA,13,7,NA,NA,NA,Intron,FALSE,FALSE,FALSE,FALSE,2,1,1,1_1,d88296ac-bb0d-47ab-9051-6c358f0af780,DAB2IP
9,128365375,128365375,1,snv_mnv,NA,NA,"broad,dkfz,muse,sanger",4,COSN19313745,NA,AluJo,FALSE,0.48,NA,12,13,NA,NA,NA,Intron,FALSE,FALSE,FALSE,FALSE,2,1,1,1_1,d88296ac-bb0d-47ab-9051-6c358f0af780,NA
9,130363531,130363531,1,snv_mnv,NA,NA,"broad,dkfz,muse,sanger",4,COSN19313721,NA,AluJr,FALSE,0.3611,NA,13,23,NA,NA,NA,IGR,FALSE,FALSE,FALSE,FALSE,2,1,1,1_1,d88296ac-bb0d-47ab-9051-6c358f0af780,NA
9,137330270,137330270,1,snv_mnv,NA,NA,"broad,dkfz,muse,sanger",4,COSN19313699,NA,NA,FALSE,0.4231,NA,11,15,NA,NA,NA,IGR,FALSE,FALSE,FALSE,FALSE,2,1,1,1_1,d88296ac-bb0d-47ab-9051-6c358f0af780,RXRA
9,138482757,138482757,1,snv_mnv,NA,NA,"broad,dkfz,muse,sanger",4,COSN19313718,NA,NA,FALSE,0.1538,NA,2,11,NA,NA,NA,RNA,FALSE,FALSE,FALSE,FALSE,2,1,1,1_1,d88296ac-bb0d-47ab-9051-6c358f0af780,"PAEPP1,LINC01502"
X,6066169,6066169,1,snv_mnv,NA,NA,"broad,dkfz,muse,sanger",4,COSN19313465,NA,NA,FALSE,0.2941,NA,5,12,NA,NA,NA,Intron,FALSE,FALSE,FALSE,FALSE,1,1,0,1_0,d88296ac-bb0d-47ab-9051-6c358f0af780,NLGN4X
X,6398464,6398464,1,snv_mnv,NA,NA,"broad,dkfz,muse,sanger",4,COSN19313454,NA,L1PA3,FALSE,0.5,NA,8,8,NA,NA,NA,IGR,FALSE,FALSE,FALSE,FALSE,1,1,0,1_0,d88296ac-bb0d-47ab-9051-6c358f0af780,NA
X,7902752,7902752,1,snv_mnv,NA,NA,"broad,dkfz,muse",3,COSN19313513,NA,NA,FALSE,0.4,NA,6,9,NA,NA,NA,IGR,FALSE,FALSE,TRUE,FALSE,1,1,0,1_0,d88296ac-bb0d-47ab-9051-6c358f0af780,NA
X,12682484,12682484,1,snv_mnv,NA,NA,"broad,muse,sanger",3,COSN19313482,NA,L1PA7,FALSE,0.1905,NA,4,17,NA,NA,NA,Intron,FALSE,FALSE,FALSE,FALSE,1,1,0,1_0,d88296ac-bb0d-47ab-9051-6c358f0af780,NA
X,12735071,12735071,1,snv_mnv,NA,NA,"broad,dkfz,muse",3,COSM5419574,rs765138556,NA,FALSE,1,NA,16,NA,NA,NA,NA,Silent,FALSE,FALSE,FALSE,FALSE,1,1,0,1_0,d88296ac-bb0d-47ab-9051-6c358f0af780,NA
X,21756650,21756650,1,snv_mnv,NA,NA,"broad,dkfz,muse,sanger",4,COSN19313469,NA,NA,FALSE,0.2941,NA,5,12,NA,NA,NA,Intron,FALSE,FALSE,FALSE,FALSE,1,1,0,1_0,d88296ac-bb0d-47ab-9051-6c358f0af780,NA
X,25258527,25258527,1,snv_mnv,NA,NA,"broad,dkfz,muse,sanger",4,COSN19313493,NA,NA,FALSE,0.28,NA,7,18,NA,NA,NA,IGR,FALSE,FALSE,FALSE,FALSE,1,1,0,1_0,d88296ac-bb0d-47ab-9051-6c358f0af780,NA
X,25509444,25509444,1,snv_mnv,NA,NA,"broad,dkfz,muse,sanger",4,COSN19313447,NA,NA,FALSE,0.3182,NA,7,15,NA,NA,NA,IGR,FALSE,FALSE,FALSE,FALSE,1,1,0,1_0,d88296ac-bb0d-47ab-9051-6c358f0af780,NA
X,27637248,27637248,1,snv_mnv,NA,NA,"broad,dkfz,muse,sanger",4,COSN19313483,NA,NA,FALSE,0.4,NA,8,12,NA,NA,NA,Intron,FALSE,FALSE,FALSE,FALSE,1,1,0,1_0,d88296ac-bb0d-47ab-9051-6c358f0af780,NA
X,28353678,28353678,1,snv_mnv,NA,NA,"broad,dkfz,muse,sanger",4,COSN19313526,NA,L1MEg,FALSE,0.9524,NA,20,1,NA,NA,NA,IGR,FALSE,FALSE,FALSE,FALSE,1,1,0,1_0,d88296ac-bb0d-47ab-9051-6c358f0af780,NA
X,30395086,30395086,1,snv_mnv,NA,NA,"broad,dkfz,muse,sanger",4,COSN19313460,NA,MLT1J2,FALSE,0.3462,NA,9,17,NA,NA,NA,IGR,FALSE,FALSE,FALSE,FALSE,1,1,0,1_0,d88296ac-bb0d-47ab-9051-6c358f0af780,NA
X,33332302,33332302,1,snv_mnv,NA,NA,"broad,dkfz,muse",3,COSN19313520,NA,NA,FALSE,0.9333,NA,14,1,NA,NA,NA,Intron,FALSE,FALSE,FALSE,FALSE,1,1,0,1_0,d88296ac-bb0d-47ab-9051-6c358f0af780,NA
X,33444892,33444892,1,snv_mnv,NA,NA,"broad,dkfz,muse,sanger",4,COSN19313452,NA,NA,FALSE,0.2632,NA,5,14,NA,NA,NA,IGR,FALSE,FALSE,TRUE,FALSE,1,1,0,1_0,d88296ac-bb0d-47ab-9051-6c358f0af780,NA
X,33537935,33537935,1,snv_mnv,NA,NA,"broad,dkfz,muse",3,COSN19313475,NA,NA,FALSE,1,NA,15,NA,NA,NA,NA,IGR,FALSE,FALSE,FALSE,FALSE,1,1,0,1_0,d88296ac-bb0d-47ab-9051-6c358f0af780,NA
X,33627304,33627304,1,snv_mnv,NA,NA,"broad,dkfz,muse,sanger",4,COSN19313446,NA,NA,FALSE,0.6,NA,15,10,NA,NA,NA,IGR,FALSE,FALSE,FALSE,FALSE,1,1,0,1_0,d88296ac-bb0d-47ab-9051-6c358f0af780,NA
X,34617531,34617531,1,snv_mnv,NA,NA,"broad,dkfz,muse,sanger",4,COSN19313525,NA,L1PREC2,FALSE,0.95,NA,19,1,NA,NA,NA,IGR,FALSE,FALSE,FALSE,FALSE,1,1,0,1_0,d88296ac-bb0d-47ab-9051-6c358f0af780,NA
X,35361488,35361488,1,snv_mnv,NA,NA,"broad,dkfz,muse,sanger",4,COSN19313522,NA,NA,FALSE,0.5385,NA,7,6,NA,NA,NA,IGR,FALSE,FALSE,FALSE,FALSE,1,1,0,1_0,d88296ac-bb0d-47ab-9051-6c358f0af780,NA
X,38403262,38403262,1,snv_mnv,NA,NA,"broad,dkfz,muse",3,COSN19313463,NA,NA,FALSE,1,NA,19,NA,NA,NA,NA,Intron,FALSE,FALSE,FALSE,FALSE,1,1,0,1_0,d88296ac-bb0d-47ab-9051-6c358f0af780,NA
X,40155745,40155745,1,snv_mnv,NA,NA,"broad,dkfz,muse,sanger",4,COSN19313505,NA,MER115,FALSE,0.4375,NA,7,9,NA,NA,NA,IGR,FALSE,FALSE,FALSE,FALSE,1,1,0,1_0,d88296ac-bb0d-47ab-9051-6c358f0af780,NA
X,42113835,42113835,1,snv_mnv,NA,NA,"broad,muse,sanger",3,COSN19313492,NA,L1MB7,FALSE,0.2174,NA,5,18,NA,NA,NA,lincRNA,FALSE,FALSE,FALSE,FALSE,1,1,0,1_0,d88296ac-bb0d-47ab-9051-6c358f0af780,NA
X,48094552,48094552,1,snv_mnv,NA,NA,"broad,sanger",2,COSN19313504,NA,MER101-int,FALSE,0.5,NA,3,3,NA,NA,NA,IGR,FALSE,FALSE,FALSE,FALSE,1,1,0,1_0,d88296ac-bb0d-47ab-9051-6c358f0af780,NA
X,48301495,48301495,1,snv_mnv,NA,NA,"broad,muse,sanger",3,COSN19313471,NA,L2a,FALSE,0.2667,NA,4,11,NA,NA,NA,IGR,FALSE,FALSE,FALSE,FALSE,1,1,0,1_0,d88296ac-bb0d-47ab-9051-6c358f0af780,"AL606490.8,AL606490.2"
X,48638295,48638295,1,snv_mnv,NA,NA,"broad,dkfz,muse",3,COSN19313510,rs782399221,L1MB7,FALSE,0.9091,NA,20,2,NA,NA,NA,RNA,FALSE,FALSE,FALSE,FALSE,1,1,0,1_0,d88296ac-bb0d-47ab-9051-6c358f0af780,"AC231533.2,RNU6-29P"
X,56895035,56895035,1,snv_mnv,NA,NA,"broad,muse,sanger",3,COSN19313519,NA,HERVL32-int,FALSE,0.25,NA,3,9,NA,NA,NA,IGR,FALSE,FALSE,FALSE,FALSE,1,1,0,1_0,d88296ac-bb0d-47ab-9051-6c358f0af780,NA
X,66751183,66751183,1,snv_mnv,NA,NA,"broad,dkfz,muse,sanger",4,COSN19313472,NA,NA,FALSE,0.5,NA,7,7,NA,NA,NA,IGR,FALSE,FALSE,FALSE,FALSE,1,1,0,1_0,d88296ac-bb0d-47ab-9051-6c358f0af780,AL049564.1
X,68026929,68026929,1,snv_mnv,NA,NA,"broad,muse,sanger",3,COSN19313444,NA,HAL1b,FALSE,0.6,NA,6,4,NA,NA,NA,IGR,FALSE,FALSE,FALSE,FALSE,1,1,0,1_0,d88296ac-bb0d-47ab-9051-6c358f0af780,NA
X,69711167,69711167,1,snv_mnv,NA,NA,"broad,dkfz,muse,sanger",4,COSN19313521,NA,NA,FALSE,0.5333,NA,8,7,NA,NA,NA,Intron,FALSE,FALSE,FALSE,FALSE,1,1,0,1_0,d88296ac-bb0d-47ab-9051-6c358f0af780,NA
X,71601255,71601255,1,snv_mnv,NA,NA,"dkfz,muse,sanger",3,COSN19313491,NA,L2b,FALSE,0.3529,NA,6,11,NA,NA,NA,Intron,FALSE,FALSE,FALSE,FALSE,1,1,0,1_0,d88296ac-bb0d-47ab-9051-6c358f0af780,RNU2-68P
X,72472815,72472815,1,snv_mnv,NA,NA,"broad,dkfz,muse,sanger",4,COSN19313450,NA,MER4D0,FALSE,0.8571,NA,12,2,NA,NA,NA,IGR,FALSE,FALSE,FALSE,FALSE,1,1,0,1_0,d88296ac-bb0d-47ab-9051-6c358f0af780,NA
X,74128384,74128384,1,snv_mnv,NA,NA,"broad,dkfz,muse,sanger",4,COSN19313500,NA,NA,FALSE,0.8462,NA,22,4,NA,NA,NA,Intron,FALSE,FALSE,TRUE,FALSE,1,1,0,1_0,d88296ac-bb0d-47ab-9051-6c358f0af780,NA
X,75652180,75652180,1,snv_mnv,NA,NA,"broad,dkfz,muse,sanger",4,COSN19313498,NA,AluSg,FALSE,0.45,NA,9,11,NA,NA,NA,IGR,FALSE,FALSE,FALSE,FALSE,1,1,0,1_0,d88296ac-bb0d-47ab-9051-6c358f0af780,MAGEE1
X,82229618,82229618,1,snv_mnv,NA,NA,"broad,muse,sanger",3,COSN19313464,NA,L1PA15,FALSE,0.1579,NA,3,16,NA,NA,NA,IGR,FALSE,FALSE,FALSE,FALSE,1,1,0,1_0,d88296ac-bb0d-47ab-9051-6c358f0af780,NA
X,82808757,82808757,1,snv_mnv,NA,NA,"broad,dkfz,muse",3,COSN19313508,NA,L1PA16,FALSE,1,NA,16,NA,NA,NA,NA,IGR,FALSE,FALSE,FALSE,FALSE,1,1,0,1_0,d88296ac-bb0d-47ab-9051-6c358f0af780,NA
X,82965978,82965978,1,snv_mnv,NA,NA,"broad,dkfz,muse,sanger",4,COSN19313462,rs773727391,L1M3b,FALSE,0.4286,NA,6,8,NA,NA,NA,IGR,FALSE,FALSE,FALSE,FALSE,1,1,0,1_0,d88296ac-bb0d-47ab-9051-6c358f0af780,NA
X,83112694,83112694,1,snv_mnv,NA,NA,"broad,dkfz,muse,sanger",4,COSN19313480,NA,L1M3b,FALSE,0.6,NA,9,6,NA,NA,NA,IGR,FALSE,FALSE,FALSE,FALSE,1,1,0,1_0,d88296ac-bb0d-47ab-9051-6c358f0af780,CYLC1
X,85574628,85574628,1,snv_mnv,NA,NA,"broad,dkfz,muse,sanger",4,COSN19313449,NA,LTR25-int,FALSE,0.4444,NA,12,15,NA,NA,NA,Intron,FALSE,FALSE,FALSE,FALSE,1,1,0,1_0,d88296ac-bb0d-47ab-9051-6c358f0af780,NA
X,86474653,86474653,1,snv_mnv,NA,NA,"broad,dkfz,muse,sanger",4,COSN19313461,NA,NA,FALSE,0.48,NA,12,13,NA,NA,NA,IGR,FALSE,FALSE,FALSE,FALSE,1,1,0,1_0,d88296ac-bb0d-47ab-9051-6c358f0af780,NA
X,87321525,87321525,1,snv_mnv,NA,NA,"broad,dkfz,muse,sanger",4,COSN19313470,NA,MSTA-int,FALSE,0.5455,NA,6,5,NA,NA,NA,IGR,FALSE,FALSE,FALSE,FALSE,1,1,0,1_0,d88296ac-bb0d-47ab-9051-6c358f0af780,AL035246.1
X,88363729,88363729,1,snv_mnv,NA,NA,"broad,dkfz,muse",3,COSN19313496,NA,NA,FALSE,1,NA,14,NA,NA,NA,NA,IGR,FALSE,FALSE,TRUE,FALSE,1,1,0,1_0,d88296ac-bb0d-47ab-9051-6c358f0af780,NA
X,88994200,88994200,1,snv_mnv,NA,NA,"broad,muse,sanger",3,COSN19313512,NA,L1PBa,FALSE,0.2667,NA,4,11,NA,NA,NA,IGR,FALSE,FALSE,FALSE,FALSE,1,1,0,1_0,d88296ac-bb0d-47ab-9051-6c358f0af780,NA
X,93063197,93063197,1,snv_mnv,NA,NA,"broad,dkfz,muse",3,COSN19313455,NA,AT_rich,FALSE,0.8846,NA,23,3,NA,NA,NA,IGR,FALSE,FALSE,TRUE,FALSE,1,1,0,1_0,d88296ac-bb0d-47ab-9051-6c358f0af780,NA
X,93125137,93125137,1,snv_mnv,NA,NA,"broad,muse,sanger",3,COSN19313489,NA,LTR25-int,FALSE,0.3077,NA,4,9,NA,NA,NA,IGR,FALSE,FALSE,FALSE,FALSE,1,1,0,1_0,d88296ac-bb0d-47ab-9051-6c358f0af780,NA
X,93212673,93212673,1,snv_mnv,NA,NA,"broad,dkfz,muse",3,COSN19313517,NA,MLT2A2,FALSE,0.9474,NA,18,1,NA,NA,NA,IGR,FALSE,FALSE,FALSE,FALSE,1,1,0,1_0,d88296ac-bb0d-47ab-9051-6c358f0af780,NA
X,95020892,95020892,1,snv_mnv,NA,NA,"broad,dkfz,muse,sanger",4,COSN19313486,NA,NA,FALSE,0.2941,NA,5,12,NA,NA,NA,IGR,FALSE,FALSE,FALSE,FALSE,1,1,0,1_0,d88296ac-bb0d-47ab-9051-6c358f0af780,NA
X,99084871,99084871,1,snv_mnv,NA,NA,"broad,dkfz,muse,sanger",4,COSN19313448,NA,L1PB1,FALSE,0.3529,NA,6,11,NA,NA,NA,IGR,FALSE,FALSE,FALSE,FALSE,1,1,0,1_0,d88296ac-bb0d-47ab-9051-6c358f0af780,NA
X,103962191,103962191,1,snv_mnv,NA,NA,"broad,dkfz,muse",3,COSN19313514,NA,NA,FALSE,0.4706,NA,8,9,NA,NA,NA,Intron,FALSE,FALSE,FALSE,FALSE,1,1,0,1_0,d88296ac-bb0d-47ab-9051-6c358f0af780,NA
X,107277170,107277170,1,snv_mnv,2.649e-4,NA,"broad,dkfz,muse",3,COSN19313443,rs772087844,NA,FALSE,0.9375,NA,15,1,NA,NA,NA,IGR,FALSE,FALSE,FALSE,FALSE,1,1,0,1_0,d88296ac-bb0d-47ab-9051-6c358f0af780,NA
X,109489946,109489946,1,snv_mnv,NA,NA,"broad,sanger",2,COSN19313479,NA,L2c,FALSE,0.3125,NA,5,11,NA,NA,NA,Intron,FALSE,FALSE,FALSE,FALSE,1,1,0,1_0,d88296ac-bb0d-47ab-9051-6c358f0af780,NA
X,114236024,114236024,1,snv_mnv,NA,NA,"broad,dkfz,muse,sanger",4,COSN19313467,NA,MER50,FALSE,0.2857,NA,6,15,NA,NA,NA,IGR,FALSE,FALSE,FALSE,FALSE,1,1,0,1_0,d88296ac-bb0d-47ab-9051-6c358f0af780,IL13RA2
X,119743521,119743521,1,snv_mnv,NA,NA,"broad,dkfz,muse",3,COSN19313524,NA,NA,FALSE,1,NA,15,NA,NA,NA,NA,Intron,FALSE,FALSE,FALSE,FALSE,1,1,0,1_0,d88296ac-bb0d-47ab-9051-6c358f0af780,MCTS1
X,121103431,121103431,1,snv_mnv,NA,NA,"broad,dkfz,muse,sanger",4,COSN19313453,NA,L1MA8,FALSE,0.6818,NA,15,7,NA,NA,NA,IGR,FALSE,FALSE,FALSE,FALSE,1,1,0,1_0,d88296ac-bb0d-47ab-9051-6c358f0af780,NA
X,122502186,122502186,1,snv_mnv,NA,NA,"broad,dkfz,muse,sanger",4,COSN19313503,NA,NA,FALSE,0.25,NA,4,12,NA,NA,NA,Intron,FALSE,FALSE,FALSE,FALSE,1,1,0,1_0,d88296ac-bb0d-47ab-9051-6c358f0af780,NA
X,124937108,124937108,1,snv_mnv,NA,NA,"broad,dkfz,muse",3,COSN19313458,NA,NA,FALSE,0.8095,NA,17,4,NA,NA,NA,IGR,FALSE,FALSE,FALSE,FALSE,1,1,0,1_0,d88296ac-bb0d-47ab-9051-6c358f0af780,NA
X,125260518,125260518,1,snv_mnv,NA,NA,"broad,dkfz,muse,sanger",4,COSN19313476,NA,Tigger2b_Pri,FALSE,0.24,NA,6,19,NA,NA,NA,IGR,FALSE,FALSE,FALSE,FALSE,1,1,0,1_0,d88296ac-bb0d-47ab-9051-6c358f0af780,NA
X,125820086,125820086,1,snv_mnv,NA,NA,"broad,dkfz,muse",3,COSN19313499,NA,NA,FALSE,0.25,NA,3,9,NA,NA,NA,IGR,FALSE,FALSE,FALSE,FALSE,1,1,0,1_0,d88296ac-bb0d-47ab-9051-6c358f0af780,NA
X,127814268,127814268,1,snv_mnv,NA,NA,"broad,dkfz,muse,sanger",4,COSN19313451,NA,NA,FALSE,0.5,NA,6,6,NA,NA,NA,IGR,FALSE,FALSE,FALSE,FALSE,1,1,0,1_0,d88296ac-bb0d-47ab-9051-6c358f0af780,NA
X,132845421,132845421,1,snv_mnv,NA,NA,"broad,dkfz,muse,sanger",4,COSN19313487,NA,MER5A,FALSE,0.9333,NA,14,1,NA,NA,NA,Intron,FALSE,FALSE,FALSE,FALSE,1,1,0,1_0,d88296ac-bb0d-47ab-9051-6c358f0af780,NA
X,135588043,135588043,1,snv_mnv,NA,NA,"broad,dkfz,muse",3,COSN19313484,NA,NA,FALSE,0.9565,NA,22,1,NA,NA,NA,Intron,FALSE,FALSE,FALSE,FALSE,1,1,0,1_0,d88296ac-bb0d-47ab-9051-6c358f0af780,HTATSF1
X,136434764,136434764,1,snv_mnv,0.0366,rs28552580,"dkfz,muse,sanger",3,COSN9181174,rs28552580,NA,FALSE,0.2941,NA,5,12,NA,NA,NA,IGR,FALSE,FALSE,FALSE,FALSE,1,1,0,1_0,d88296ac-bb0d-47ab-9051-6c358f0af780,NA
X,137929644,137929644,1,snv_mnv,NA,NA,"broad,muse,sanger",3,COSN19313495,NA,NA,FALSE,0.25,NA,4,12,NA,NA,NA,Intron,FALSE,FALSE,FALSE,FALSE,1,1,0,1_0,d88296ac-bb0d-47ab-9051-6c358f0af780,NA
X,138018586,138018586,1,snv_mnv,NA,NA,"broad,dkfz,muse,sanger",4,COSN19313459,NA,MIR,FALSE,0.3182,NA,7,15,NA,NA,NA,Intron,FALSE,FALSE,FALSE,FALSE,1,1,0,1_0,d88296ac-bb0d-47ab-9051-6c358f0af780,NA
X,139622648,139622648,1,snv_mnv,NA,NA,"broad,dkfz,muse,sanger",4,COSN19313497,NA,NA,FALSE,0.5385,NA,7,6,NA,NA,NA,IGR,FALSE,FALSE,FALSE,FALSE,1,1,0,1_0,d88296ac-bb0d-47ab-9051-6c358f0af780,NA
X,140843873,140843873,1,snv_mnv,NA,NA,"broad,dkfz,muse,sanger",4,COSN19313506,NA,NA,FALSE,0.4737,NA,9,10,NA,NA,NA,IGR,FALSE,FALSE,FALSE,FALSE,1,1,0,1_0,d88296ac-bb0d-47ab-9051-6c358f0af780,NA
X,143911727,143911727,1,snv_mnv,NA,NA,"broad,dkfz,muse,sanger",4,COSN19313474,NA,L1MB7,FALSE,0.875,NA,7,1,NA,NA,NA,IGR,FALSE,FALSE,FALSE,FALSE,1,1,0,1_0,d88296ac-bb0d-47ab-9051-6c358f0af780,NA
X,145081728,145081728,1,snv_mnv,NA,NA,"broad,muse,sanger",3,COSN19313494,NA,NA,FALSE,0.2353,NA,4,13,NA,NA,NA,RNA,FALSE,FALSE,FALSE,FALSE,1,1,0,1_0,d88296ac-bb0d-47ab-9051-6c358f0af780,"MIR892A,MIR892B,MIR891B"
X,146094912,146094912,1,snv_mnv,NA,NA,"broad,muse,sanger",3,COSN19313490,NA,L1PB4,FALSE,0.2273,NA,5,17,NA,NA,NA,IGR,FALSE,FALSE,FALSE,FALSE,1,1,0,1_0,d88296ac-bb0d-47ab-9051-6c358f0af780,NA
X,150764408,150764408,1,snv_mnv,NA,NA,"broad,dkfz,muse,sanger",4,COSN19313515,NA,L1ME4a,FALSE,0.3158,NA,6,13,NA,NA,NA,Intron,FALSE,FALSE,FALSE,FALSE,1,1,0,1_0,d88296ac-bb0d-47ab-9051-6c358f0af780,NA
Y,5858932,5858932,1,snv_mnv,NA,NA,"broad,muse,sanger",3,COSN19312822,NA,MLT2B1,FALSE,0.4286,NA,9,12,NA,NA,NA,IGR,FALSE,FALSE,FALSE,FALSE,1,1,0,1_0,d88296ac-bb0d-47ab-9051-6c358f0af780,NA
Y,13807876,13807876,1,snv_mnv,NA,NA,"broad,muse",2,COSN19312816,NA,(GAATG)n,FALSE,1,NA,21,NA,NA,NA,NA,IGR,FALSE,FALSE,FALSE,FALSE,1,1,0,1_0,d88296ac-bb0d-47ab-9051-6c358f0af780,NA
Y,16585119,16585119,1,snv_mnv,NA,NA,"broad,dkfz,muse,sanger",4,COSN19312824,NA,NA,FALSE,0.5333,NA,8,7,NA,NA,NA,IGR,FALSE,FALSE,FALSE,FALSE,1,1,0,1_0,d88296ac-bb0d-47ab-9051-6c358f0af780,NA
Y,17007222,17007222,1,snv_mnv,NA,NA,"broad,muse,sanger",3,COSN19312820,NA,NA,FALSE,0.1724,NA,5,24,NA,NA,NA,IGR,FALSE,FALSE,FALSE,FALSE,1,1,0,1_0,d88296ac-bb0d-47ab-9051-6c358f0af780,NA
Y,17011040,17011040,1,snv_mnv,NA,NA,"broad,muse,sanger",3,COSN19312825,NA,NA,FALSE,0.25,NA,4,12,NA,NA,NA,IGR,FALSE,FALSE,FALSE,FALSE,1,1,0,1_0,d88296ac-bb0d-47ab-9051-6c358f0af780,NA
Y,17173829,17173829,1,snv_mnv,NA,NA,"broad,dkfz,muse,sanger",4,COSN19312821,NA,NA,FALSE,0.6471,NA,11,6,NA,NA,NA,IGR,FALSE,FALSE,FALSE,FALSE,1,1,0,1_0,d88296ac-bb0d-47ab-9051-6c358f0af780,NA
Y,17314221,17314221,1,snv_mnv,NA,NA,"broad,muse,sanger",3,COSN19312819,NA,L1MA5,FALSE,0.2273,NA,5,17,NA,NA,NA,IGR,FALSE,FALSE,FALSE,FALSE,1,1,0,1_0,d88296ac-bb0d-47ab-9051-6c358f0af780,NA
Y,19462695,19462695,1,snv_mnv,NA,NA,"broad,muse,sanger",3,COSN19312818,NA,HERV9-int,FALSE,0.3333,NA,5,10,NA,NA,NA,IGR,FALSE,FALSE,FALSE,FALSE,1,1,0,1_0,d88296ac-bb0d-47ab-9051-6c358f0af780,NA
Y,28601426,28601426,1,snv_mnv,NA,NA,"broad,dkfz,muse",3,COSN19312823,NA,NA,FALSE,1,NA,12,NA,NA,NA,NA,IGR,FALSE,FALSE,FALSE,FALSE,1,1,0,1_0,d88296ac-bb0d-47ab-9051-6c358f0af780,AC013734.1
